1305031790.640468 depth/1305031790.640468.png 1305031790.640600 0.4388 -0.4332 1.4779 0.8596 -0.3534 0.0838 -0.3594
1305031790.672866 depth/1305031790.672866.png 1305031790.670600 0.4388 -0.4384 1.4718 0.8619 -0.3568 0.0794 -0.3514
1305031790.709421 depth/1305031790.709421.png 1305031790.710600 0.4390 -0.4459 1.4644 0.8651 -0.3609 0.0735 -0.3406
1305031790.739530 depth/1305031790.739530.png 1305031790.740600 0.4393 -0.4516 1.4593 0.8654 -0.3660 0.0699 -0.3350
1305031790.773548 depth/1305031790.773548.png 1305031790.770600 0.4402 -0.4573 1.4546 0.8658 -0.3729 0.0658 -0.3273
1305031790.809521 depth/1305031790.809521.png 1305031790.810500 0.4414 -0.4650 1.4484 0.8675 -0.3822 0.0577 -0.3131
1305031790.839363 depth/1305031790.839363.png 1305031790.840500 0.4425 -0.4708 1.4441 0.8683 -0.3903 0.0519 -0.3018
1305031790.871606 depth/1305031790.871606.png 1305031790.870600 0.4443 -0.4764 1.4405 0.8681 -0.3973 0.0494 -0.2934
1305031790.909436 depth/1305031790.909436.png 1305031790.910600 0.4468 -0.4835 1.4372 0.8662 -0.4074 0.0484 -0.2851
1305031790.941495 depth/1305031790.941495.png 1305031790.940600 0.4486 -0.4886 1.4356 0.8646 -0.4146 0.0491 -0.2797
1305031790.973696 depth/1305031790.973696.png 1305031790.970600 0.4505 -0.4933 1.4350 0.8615 -0.4221 0.0498 -0.2777
1305031791.009486 depth/1305031791.009486.png 1305031791.010500 0.4529 -0.4992 1.4370 0.8543 -0.4330 0.0543 -0.2824
1305031791.041197 depth/1305031791.041197.png 1305031791.040600 0.4549 -0.5034 1.4402 0.8464 -0.4416 0.0620 -0.2910
1305031791.073525 depth/1305031791.073525.png 1305031791.070500 0.4567 -0.5075 1.4450 0.8402 -0.4507 0.0693 -0.2935
1305031791.109452 depth/1305031791.109452.png 1305031791.110500 0.4585 -0.5122 1.4540 0.8277 -0.4599 0.0913 -0.3084
1305031791.141330 depth/1305031791.141330.png 1305031791.140600 0.4595 -0.5154 1.4618 0.8162 -0.4661 0.1129 -0.3222
1305031791.173227 depth/1305031791.173227.png 1305031791.170800 0.4602 -0.5183 1.4694 0.8063 -0.4718 0.1330 -0.3309
1305031791.209506 depth/1305031791.209506.png 1305031791.210600 0.4609 -0.5207 1.4812 0.7898 -0.4753 0.1650 -0.3509
1305031791.241091 depth/1305031791.241091.png 1305031791.240600 0.4612 -0.5222 1.4899 0.7761 -0.4801 0.1875 -0.3634
1305031791.273558 depth/1305031791.273558.png 1305031791.270600 0.4612 -0.5229 1.4982 0.7627 -0.4866 0.2078 -0.3720
1305031791.309764 depth/1305031791.309764.png 1305031791.310500 0.4604 -0.5227 1.5102 0.7413 -0.4919 0.2378 -0.3899
1305031791.341415 depth/1305031791.341415.png 1305031791.340600 0.4593 -0.5221 1.5190 0.7257 -0.4965 0.2582 -0.4002
1305031791.373525 depth/1305031791.373525.png 1305031791.370600 0.4580 -0.5209 1.5272 0.7109 -0.5021 0.2755 -0.4080
1305031791.409609 depth/1305031791.409609.png 1305031791.410500 0.4557 -0.5180 1.5383 0.6881 -0.5074 0.2953 -0.4265
1305031791.441538 depth/1305031791.441538.png 1305031791.440600 0.4535 -0.5156 1.5466 0.6704 -0.5118 0.3085 -0.4399
1305031791.473230 depth/1305031791.473230.png 1305031791.470600 0.4511 -0.5129 1.5540 0.6564 -0.5156 0.3185 -0.4493
1305031791.509595 depth/1305031791.509595.png 1305031791.510500 0.4478 -0.5083 1.5637 0.6390 -0.5149 0.3327 -0.4647
1305031791.541450 depth/1305031791.541450.png 1305031791.540600 0.4449 -0.5047 1.5708 0.6264 -0.5141 0.3427 -0.4753
1305031791.574034 depth/1305031791.574034.png 1305031791.570600 0.4421 -0.5010 1.5777 0.6146 -0.5146 0.3521 -0.4832
1305031791.609401 depth/1305031791.609401.png 1305031791.610500 0.4379 -0.4959 1.5865 0.6030 -0.5118 0.3648 -0.4912
1305031791.641229 depth/1305031791.641229.png 1305031791.640600 0.4342 -0.4921 1.5934 -0.5925 0.5062 -0.3762 0.5012
1305031791.677621 depth/1305031791.677621.png 1305031791.680500 0.4290 -0.4874 1.6027 -0.5744 0.5029 -0.3912 0.5139
1305031791.709275 depth/1305031791.709275.png 1305031791.710500 0.4250 -0.4842 1.6099 -0.5602 0.5002 -0.4030 0.5230
1305031791.741364 depth/1305031791.741364.png 1305031791.740500 0.4210 -0.4810 1.6175 -0.5471 0.4967 -0.4157 0.5304
1305031791.776668 depth/1305031791.776668.png 1305031791.780500 0.4151 -0.4773 1.6279 -0.5302 0.4925 -0.4324 0.5379
1305031791.808429 depth/1305031791.808429.png 1305031791.810600 0.4105 -0.4749 1.6360 -0.5165 0.4886 -0.4459 0.5438
1305031791.840375 depth/1305031791.840375.png 1305031791.840500 0.4062 -0.4727 1.6441 -0.5016 0.4854 -0.4594 0.5493
1305031791.876494 depth/1305031791.876494.png 1305031791.880600 0.4004 -0.4700 1.6545 -0.4856 0.4827 -0.4731 0.5545
1305031791.908433 depth/1305031791.908433.png 1305031791.910600 0.3964 -0.4681 1.6622 -0.4739 0.4793 -0.4817 0.5601
1305031791.944357 depth/1305031791.944357.png 1305031791.940500 0.3921 -0.4666 1.6696 -0.4636 0.4754 -0.4888 0.5659
1305031791.977200 depth/1305031791.977200.png 1305031791.980600 0.3874 -0.4651 1.6795 -0.4491 0.4696 -0.5006 0.5721
1305031792.005506 depth/1305031792.005506.png 1305031792.010500 0.3837 -0.4642 1.6869 -0.4393 0.4634 -0.5098 0.5765
1305031792.041730 depth/1305031792.041730.png 1305031792.040500 0.3807 -0.4632 1.6941 -0.4308 0.4572 -0.5174 0.5810
1305031792.076713 depth/1305031792.076713.png 1305031792.080600 0.3772 -0.4629 1.7032 -0.4248 0.4526 -0.5246 0.5827
1305031792.109497 depth/1305031792.109497.png 1305031792.110500 0.3747 -0.4630 1.7097 -0.4178 0.4501 -0.5286 0.5860
1305031792.141484 depth/1305031792.141484.png 1305031792.140600 0.3724 -0.4635 1.7158 -0.4137 0.4472 -0.5321 0.5880
1305031792.177376 depth/1305031792.177376.png 1305031792.180600 0.3693 -0.4644 1.7229 -0.4105 0.4417 -0.5385 0.5886
1305031792.209274 depth/1305031792.209274.png 1305031792.210500 0.3667 -0.4655 1.7272 -0.4076 0.4380 -0.5429 0.5892
1305031792.241751 depth/1305031792.241751.png 1305031792.240600 0.3641 -0.4669 1.7305 -0.4068 0.4357 -0.5444 0.5902
1305031792.277507 depth/1305031792.277507.png 1305031792.280500 0.3625 -0.4694 1.7335 -0.4057 0.4337 -0.5466 0.5904
1305031792.309357 depth/1305031792.309357.png 1305031792.310500 0.3614 -0.4716 1.7344 -0.4063 0.4327 -0.5460 0.5912
1305031792.341029 depth/1305031792.341029.png 1305031792.340500 0.3611 -0.4740 1.7343 -0.4110 0.4346 -0.5424 0.5898
1305031792.377088 depth/1305031792.377088.png 1305031792.380600 0.3621 -0.4781 1.7326 -0.4172 0.4420 -0.5374 0.5846
1305031792.409323 depth/1305031792.409323.png 1305031792.410500 0.3630 -0.4815 1.7302 -0.4228 0.4492 -0.5318 0.5801
1305031792.441590 depth/1305031792.441590.png 1305031792.440500 0.3643 -0.4853 1.7272 -0.4287 0.4557 -0.5257 0.5764
1305031792.477100 depth/1305031792.477100.png 1305031792.480500 0.3664 -0.4910 1.7218 -0.4388 0.4680 -0.5145 0.5690
1305031792.509589 depth/1305031792.509589.png 1305031792.510600 0.3685 -0.4954 1.7169 -0.4469 0.4780 -0.5053 0.5626
1305031792.541061 depth/1305031792.541061.png 1305031792.540600 0.3711 -0.4999 1.7116 -0.4551 0.4878 -0.4965 0.5554
1305031792.577055 depth/1305031792.577055.png 1305031792.580500 0.3741 -0.5063 1.7033 -0.4677 0.5014 -0.4851 0.5427
1305031792.609388 depth/1305031792.609388.png 1305031792.610500 0.3765 -0.5113 1.6966 -0.4761 0.5115 -0.4776 0.5326
1305031792.641219 depth/1305031792.641219.png 1305031792.640600 0.3788 -0.5166 1.6899 -0.4841 0.5201 -0.4715 0.5223
1305031792.677662 depth/1305031792.677662.png 1305031792.680500 0.3816 -0.5240 1.6803 -0.4946 0.5310 -0.4631 0.5088
1305031792.709219 depth/1305031792.709219.png 1305031792.710500 0.3836 -0.5292 1.6731 -0.5042 0.5400 -0.4543 0.4978
1305031792.741510 depth/1305031792.741510.png 1305031792.740700 0.3860 -0.5347 1.6658 -0.5125 0.5464 -0.4474 0.4885
1305031792.777507 depth/1305031792.777507.png 1305031792.780500 0.3897 -0.5414 1.6553 -0.5220 0.5576 -0.4356 0.4763
1305031792.809440 depth/1305031792.809440.png 1305031792.810600 0.3932 -0.5460 1.6472 -0.5282 0.5665 -0.4270 0.4667
1305031792.845359 depth/1305031792.845359.png 1305031792.840500 0.3965 -0.5507 1.6390 -0.5338 0.5731 -0.4206 0.4579
1305031792.877574 depth/1305031792.877574.png 1305031792.880500 0.4002 -0.5571 1.6278 -0.5407 0.5842 -0.4109 0.4444
1305031792.909293 depth/1305031792.909293.png 1305031792.910500 0.4028 -0.5618 1.6194 -0.5451 0.5923 -0.4026 0.4358
1305031792.945340 depth/1305031792.945340.png 1305031792.940600 0.4055 -0.5665 1.6109 -0.5483 0.6012 -0.3925 0.4287
1305031792.977564 depth/1305031792.977564.png 1305031792.980500 0.4087 -0.5724 1.6001 -0.5535 0.6160 -0.3741 0.4174
1305031793.009530 depth/1305031793.009530.png 1305031793.010600 0.4112 -0.5769 1.5922 -0.5565 0.6258 -0.3618 0.4095
1305031793.045243 depth/1305031793.045243.png 1305031793.040500 0.4131 -0.5816 1.5847 -0.5576 0.6347 -0.3524 0.4026
1305031793.077518 depth/1305031793.077518.png 1305031793.080500 0.4153 -0.5880 1.5750 -0.5576 0.6461 -0.3429 0.3925
1305031793.109651 depth/1305031793.109651.png 1305031793.110500 0.4165 -0.5926 1.5678 -0.5568 0.6545 -0.3386 0.3833
1305031793.145401 depth/1305031793.145401.png 1305031793.140500 0.4173 -0.5972 1.5609 -0.5565 0.6623 -0.3350 0.3734
1305031793.177537 depth/1305031793.177537.png 1305031793.180500 0.4188 -0.6027 1.5510 -0.5558 0.6707 -0.3317 0.3623
1305031793.209609 depth/1305031793.209609.png 1305031793.210500 0.4197 -0.6064 1.5436 -0.5546 0.6772 -0.3301 0.3534
1305031793.245617 depth/1305031793.245617.png 1305031793.250500 0.4212 -0.6112 1.5335 -0.5542 0.6855 -0.3275 0.3403
1305031793.277180 depth/1305031793.277180.png 1305031793.280500 0.4223 -0.6143 1.5258 -0.5535 0.6911 -0.3261 0.3310
1305031793.309399 depth/1305031793.309399.png 1305031793.310500 0.4233 -0.6171 1.5176 -0.5516 0.6984 -0.3225 0.3224
1305031793.345594 depth/1305031793.345594.png 1305031793.350500 0.4250 -0.6201 1.5060 -0.5509 0.7069 -0.3162 0.3111
1305031793.377232 depth/1305031793.377232.png 1305031793.380500 0.4260 -0.6214 1.4970 -0.5493 0.7137 -0.3114 0.3031
1305031793.405708 depth/1305031793.405708.png 1305031793.410600 0.4270 -0.6224 1.4876 -0.5477 0.7208 -0.3060 0.2946
1305031793.442259 depth/1305031793.442259.png 1305031793.440500 0.4284 -0.6228 1.4780 -0.5449 0.7273 -0.3029 0.2871
1305031793.474150 depth/1305031793.474150.png 1305031793.470500 0.4295 -0.6231 1.4682 -0.5421 0.7350 -0.2979 0.2778
1305031793.507244 depth/1305031793.507244.png 1305031793.510500 0.4318 -0.6228 1.4552 -0.5375 0.7445 -0.2917 0.2679
1305031793.545400 depth/1305031793.545400.png 1305031793.540500 0.4340 -0.6223 1.4457 -0.5349 0.7517 -0.2856 0.2594
1305031793.577186 depth/1305031793.577186.png 1305031793.580500 0.4375 -0.6216 1.4328 -0.5271 0.7640 -0.2766 0.2491
1305031793.609703 depth/1305031793.609703.png 1305031793.610600 0.4402 -0.6210 1.4237 -0.5223 0.7728 -0.2680 0.2412
1305031793.645429 depth/1305031793.645429.png 1305031793.640500 0.4436 -0.6200 1.4149 -0.5182 0.7804 -0.2604 0.2335
1305031793.677435 depth/1305031793.677435.png 1305031793.680500 0.4475 -0.6188 1.4030 -0.5125 0.7905 -0.2502 0.2231
1305031793.709532 depth/1305031793.709532.png 1305031793.710500 0.4504 -0.6179 1.3949 -0.5083 0.7983 -0.2415 0.2145
1305031793.745574 depth/1305031793.745574.png 1305031793.750500 0.4543 -0.6159 1.3836 -0.5020 0.8082 -0.2295 0.2052
1305031793.777364 depth/1305031793.777364.png 1305031793.780500 0.4569 -0.6144 1.3757 -0.4987 0.8147 -0.2209 0.1967
1305031793.809469 depth/1305031793.809469.png 1305031793.810500 0.4595 -0.6127 1.3684 -0.4950 0.8207 -0.2136 0.1891
1305031793.844756 depth/1305031793.844756.png 1305031793.840500 0.4615 -0.6115 1.3622 -0.4911 0.8262 -0.2077 0.1815
1305031793.876455 depth/1305031793.876455.png 1305031793.880500 0.4642 -0.6092 1.3544 -0.4836 0.8340 -0.2012 0.1738
1305031793.908753 depth/1305031793.908753.png 1305031793.910500 0.4657 -0.6078 1.3495 -0.4790 0.8388 -0.1962 0.1689
1305031793.946431 depth/1305031793.946431.png 1305031793.950500 0.4674 -0.6060 1.3437 -0.4749 0.8436 -0.1899 0.1632
1305031793.976745 depth/1305031793.976745.png 1305031793.980500 0.4681 -0.6051 1.3403 -0.4707 0.8478 -0.1855 0.1589
1305031794.009162 depth/1305031794.009162.png 1305031794.010500 0.4689 -0.6046 1.3377 -0.4658 0.8515 -0.1839 0.1554
1305031794.044747 depth/1305031794.044747.png 1305031794.040500 0.4696 -0.6044 1.3359 -0.4619 0.8538 -0.1848 0.1533
1305031794.076455 depth/1305031794.076455.png 1305031794.080500 0.4697 -0.6043 1.3349 -0.4569 0.8577 -0.1817 0.1503
1305031794.112475 depth/1305031794.112475.png 1305031794.110500 0.4701 -0.6047 1.3353 -0.4535 0.8596 -0.1814 0.1502
1305031794.145599 depth/1305031794.145599.png 1305031794.150500 0.4707 -0.6056 1.3377 -0.4496 0.8607 -0.1849 0.1510
1305031794.177734 depth/1305031794.177734.png 1305031794.180500 0.4711 -0.6067 1.3408 -0.4469 0.8609 -0.1901 0.1518
1305031794.213866 depth/1305031794.213866.png 1305031794.210500 0.4715 -0.6081 1.3451 -0.4451 0.8600 -0.1968 0.1534
1305031794.245539 depth/1305031794.245539.png 1305031794.250500 0.4720 -0.6106 1.3522 -0.4418 0.8582 -0.2092 0.1570
1305031794.277346 depth/1305031794.277346.png 1305031794.280500 0.4722 -0.6130 1.3584 -0.4399 0.8560 -0.2195 0.1601
1305031794.313708 depth/1305031794.313708.png 1305031794.310500 0.4724 -0.6155 1.3653 -0.4385 0.8530 -0.2305 0.1644
1305031794.345350 depth/1305031794.345350.png 1305031794.340500 0.4727 -0.6186 1.3728 -0.4367 0.8487 -0.2449 0.1703
1305031794.377641 depth/1305031794.377641.png 1305031794.380500 0.4724 -0.6222 1.3837 -0.4359 0.8426 -0.2613 0.1780
1305031794.414154 depth/1305031794.414154.png 1305031794.410500 0.4719 -0.6249 1.3918 -0.4369 0.8382 -0.2713 0.1817
1305031794.445415 depth/1305031794.445415.png 1305031794.440500 0.4709 -0.6278 1.4005 -0.4372 0.8333 -0.2821 0.1867
1305031794.477731 depth/1305031794.477731.png 1305031794.480500 0.4688 -0.6312 1.4130 -0.4322 0.8291 -0.2953 0.1965
1305031794.513643 depth/1305031794.513643.png 1305031794.510500 0.4670 -0.6340 1.4221 -0.4284 0.8258 -0.3048 0.2039
1305031794.545650 depth/1305031794.545650.png 1305031794.550400 0.4645 -0.6379 1.4337 -0.4227 0.8216 -0.3188 0.2114
1305031794.577340 depth/1305031794.577340.png 1305031794.580500 0.4620 -0.6408 1.4427 -0.4175 0.8190 -0.3297 0.2149
1305031794.613627 depth/1305031794.613627.png 1305031794.610500 0.4594 -0.6439 1.4512 -0.4112 0.8152 -0.3444 0.2184
1305031794.645569 depth/1305031794.645569.png 1305031794.650500 0.4557 -0.6478 1.4624 -0.4025 0.8098 -0.3657 0.2203
1305031794.677507 depth/1305031794.677507.png 1305031794.680500 0.4526 -0.6507 1.4706 -0.3959 0.8053 -0.3828 0.2195
1305031794.713599 depth/1305031794.713599.png 1305031794.710500 0.4489 -0.6535 1.4789 -0.3880 0.8013 -0.3999 0.2177
1305031794.745368 depth/1305031794.745368.png 1305031794.740500 0.4445 -0.6565 1.4876 -0.3765 0.7956 -0.4225 0.2161
1305031794.776816 depth/1305031794.776816.png 1305031794.780500 0.4378 -0.6597 1.5003 -0.3617 0.7875 -0.4520 0.2114
1305031794.813463 depth/1305031794.813463.png 1305031794.810500 0.4326 -0.6621 1.5100 -0.3515 0.7790 -0.4757 0.2082
1305031794.846026 depth/1305031794.846026.png 1305031794.850500 0.4251 -0.6645 1.5234 -0.3377 0.7684 -0.5038 0.2041
1305031794.873764 depth/1305031794.873764.png 1305031794.870500 0.4211 -0.6658 1.5303 -0.3304 0.7627 -0.5176 0.2028
1305031794.910108 depth/1305031794.910108.png 1305031794.910400 0.4131 -0.6677 1.5445 -0.3171 0.7497 -0.5447 0.2018
1305031794.945596 depth/1305031794.945596.png 1305031794.950500 0.4050 -0.6693 1.5589 -0.3065 0.7372 -0.5681 0.1996
1305031794.977250 depth/1305031794.977250.png 1305031794.980600 0.3989 -0.6705 1.5696 -0.2994 0.7294 -0.5824 0.1979
1305031795.013538 depth/1305031795.013538.png 1305031795.010500 0.3927 -0.6719 1.5802 -0.2921 0.7232 -0.5940 0.1969
1305031795.045683 depth/1305031795.045683.png 1305031795.050400 0.3848 -0.6740 1.5939 -0.2832 0.7180 -0.6049 0.1960
1305031795.077205 depth/1305031795.077205.png 1305031795.080500 0.3788 -0.6752 1.6043 -0.2778 0.7159 -0.6106 0.1936
1305031795.113230 depth/1305031795.113230.png 1305031795.110500 0.3720 -0.6759 1.6158 -0.2694 0.7088 -0.6224 0.1940
1305031795.145139 depth/1305031795.145139.png 1305031795.140500 0.3647 -0.6764 1.6278 -0.2592 0.6993 -0.6368 0.1956
1305031795.177574 depth/1305031795.177574.png 1305031795.180500 0.3558 -0.6766 1.6428 -0.2460 0.6897 -0.6521 0.1964
1305031795.213517 depth/1305031795.213517.png 1305031795.210500 0.3496 -0.6769 1.6538 -0.2368 0.6834 -0.6620 0.1967
1305031795.245440 depth/1305031795.245440.png 1305031795.240500 0.3438 -0.6772 1.6643 -0.2292 0.6772 -0.6703 0.1988
1305031795.277594 depth/1305031795.277594.png 1305031795.280500 0.3363 -0.6782 1.6772 0.2189 -0.6698 0.6807 -0.2005
1305031795.312820 depth/1305031795.312820.png 1305031795.310600 0.3304 -0.6795 1.6859 0.2115 -0.6643 0.6886 -0.1993
1305031795.345404 depth/1305031795.345404.png 1305031795.340500 0.3253 -0.6807 1.6936 0.2038 -0.6577 0.6978 -0.1975
1305031795.381033 depth/1305031795.381033.png 1305031795.380400 0.3184 -0.6840 1.7033 0.1912 -0.6471 0.7129 -0.1910
1305031795.413248 depth/1305031795.413248.png 1305031795.410500 0.3133 -0.6858 1.7090 0.1821 -0.6443 0.7194 -0.1849
1305031795.444944 depth/1305031795.444944.png 1305031795.440500 0.3086 -0.6889 1.7143 0.1710 -0.6400 0.7274 -0.1790
1305031795.480855 depth/1305031795.480855.png 1305031795.480400 0.3026 -0.6919 1.7201 0.1597 -0.6364 0.7349 -0.1714
1305031795.509058 depth/1305031795.509058.png 1305031795.510500 0.2988 -0.6943 1.7240 0.1513 -0.6322 0.7415 -0.1661
1305031795.543822 depth/1305031795.543822.png 1305031795.540500 0.2959 -0.6965 1.7271 0.1446 -0.6293 0.7465 -0.1607
1305031795.580571 depth/1305031795.580571.png 1305031795.580500 0.2935 -0.6993 1.7305 0.1379 -0.6246 0.7534 -0.1523
1305031795.612694 depth/1305031795.612694.png 1305031795.610500 0.2925 -0.7017 1.7323 0.1325 -0.6199 0.7595 -0.1457
1305031795.644499 depth/1305031795.644499.png 1305031795.640500 0.2919 -0.7039 1.7334 0.1262 -0.6144 0.7662 -0.1400
1305031795.680455 depth/1305031795.680455.png 1305031795.680600 0.2922 -0.7071 1.7331 0.1180 -0.6082 0.7734 -0.1340
1305031795.713145 depth/1305031795.713145.png 1305031795.710500 0.2937 -0.7105 1.7313 0.1132 -0.6081 0.7749 -0.1302
1305031795.745356 depth/1305031795.745356.png 1305031795.740500 0.2954 -0.7138 1.7281 0.1097 -0.6134 0.7726 -0.1214
1305031795.781187 depth/1305031795.781187.png 1305031795.780500 0.2989 -0.7201 1.7229 0.1037 -0.6208 0.7690 -0.1115
1305031795.812774 depth/1305031795.812774.png 1305031795.810500 0.3018 -0.7259 1.7187 0.0963 -0.6247 0.7678 -0.1045
1305031795.844570 depth/1305031795.844570.png 1305031795.840500 0.3060 -0.7320 1.7136 0.0923 -0.6358 0.7599 -0.0989
1305031795.880527 depth/1305031795.880527.png 1305031795.880500 0.3118 -0.7416 1.7059 0.0868 -0.6492 0.7499 -0.0930
1305031795.909127 depth/1305031795.909127.png 1305031795.910500 0.3168 -0.7486 1.6997 0.0838 -0.6612 0.7400 -0.0906
1305031795.944316 depth/1305031795.944316.png 1305031795.940500 0.3222 -0.7565 1.6931 0.0815 -0.6721 0.7308 -0.0867
1305031795.980897 depth/1305031795.980897.png 1305031795.980500 0.3296 -0.7673 1.6831 0.0773 -0.6904 0.7149 -0.0793
1305031796.012654 depth/1305031796.012654.png 1305031796.010500 0.3350 -0.7753 1.6756 0.0722 -0.7019 0.7047 -0.0740
1305031796.045068 depth/1305031796.045068.png 1305031796.040500 0.3402 -0.7829 1.6678 -0.0680 0.7132 -0.6942 0.0696
1305031796.081241 depth/1305031796.081241.png 1305031796.080500 0.3470 -0.7929 1.6570 -0.0642 0.7309 -0.6764 0.0641
1305031796.113736 depth/1305031796.113736.png 1305031796.110500 0.3517 -0.8001 1.6483 -0.0610 0.7428 -0.6640 0.0605
1305031796.145545 depth/1305031796.145545.png 1305031796.150500 0.3568 -0.8083 1.6369 -0.0546 0.7570 -0.6487 0.0560
1305031796.179196 depth/1305031796.179196.png 1305031796.180500 0.3599 -0.8136 1.6283 -0.0484 0.7673 -0.6373 0.0528
1305031796.212249 depth/1305031796.212249.png 1305031796.210500 0.3625 -0.8180 1.6195 -0.0426 0.7779 -0.6251 0.0481
1305031796.244465 depth/1305031796.244465.png 1305031796.240400 0.3639 -0.8220 1.6113 -0.0358 0.7852 -0.6168 0.0417
1305031796.280467 depth/1305031796.280467.png 1305031796.280400 0.3651 -0.8249 1.6002 -0.0253 0.7955 -0.6043 0.0362
1305031796.312376 depth/1305031796.312376.png 1305031796.310600 0.3655 -0.8265 1.5916 -0.0192 0.8043 -0.5931 0.0325
1305031796.342290 depth/1305031796.342290.png 1305031796.340500 0.3659 -0.8276 1.5831 -0.0142 0.8135 -0.5807 0.0286
1305031796.380122 depth/1305031796.380122.png 1305031796.380500 0.3657 -0.8279 1.5723 -0.0062 0.8230 -0.5674 0.0255
1305031796.411800 depth/1305031796.411800.png 1305031796.410500 0.3653 -0.8273 1.5637 -0.0013 0.8313 -0.5554 0.0229
1305031796.444268 depth/1305031796.444268.png 1305031796.440500 0.3648 -0.8262 1.5552 0.0033 0.8398 -0.5425 0.0206
1305031796.481198 depth/1305031796.481198.png 1305031796.480500 0.3642 -0.8243 1.5444 0.0077 0.8473 -0.5309 0.0169
1305031796.512896 depth/1305031796.512896.png 1305031796.510500 0.3633 -0.8225 1.5362 0.0104 0.8535 -0.5208 0.0132
1305031796.544633 depth/1305031796.544633.png 1305031796.540500 0.3621 -0.8205 1.5278 0.0139 0.8610 -0.5083 0.0095
1305031796.581150 depth/1305031796.581150.png 1305031796.580500 0.3605 -0.8176 1.5167 0.0196 0.8690 -0.4943 0.0073
1305031796.613198 depth/1305031796.613198.png 1305031796.610600 0.3590 -0.8149 1.5076 0.0223 0.8758 -0.4821 0.0076
1305031796.649045 depth/1305031796.649045.png 1305031796.650500 0.3570 -0.8112 1.4954 0.0239 0.8860 -0.4630 0.0088
1305031796.679446 depth/1305031796.679446.png 1305031796.680500 0.3552 -0.8082 1.4862 0.0259 0.8922 -0.4509 0.0098
1305031796.712815 depth/1305031796.712815.png 1305031796.710500 0.3530 -0.8050 1.4771 0.0291 0.8978 -0.4393 0.0100
1305031796.749489 depth/1305031796.749489.png 1305031796.750400 0.3501 -0.8003 1.4647 0.0332 0.9044 -0.4252 0.0110
1305031796.781421 depth/1305031796.781421.png 1305031796.780500 0.3476 -0.7967 1.4553 0.0357 0.9102 -0.4125 0.0119
1305031796.813561 depth/1305031796.813561.png 1305031796.810600 0.3446 -0.7929 1.4460 0.0397 0.9149 -0.4016 0.0136
1305031796.849638 depth/1305031796.849638.png 1305031796.850500 0.3407 -0.7875 1.4340 0.0435 0.9200 -0.3892 0.0171
1305031796.877643 depth/1305031796.877643.png 1305031796.880500 0.3377 -0.7830 1.4247 0.0455 0.9250 -0.3767 0.0202
1305031796.913380 depth/1305031796.913380.png 1305031796.910400 0.3348 -0.7784 1.4155 0.0483 0.9301 -0.3633 0.0228
1305031796.949604 depth/1305031796.949604.png 1305031796.950500 0.3311 -0.7722 1.4044 0.0516 0.9343 -0.3516 0.0264
1305031796.980992 depth/1305031796.980992.png 1305031796.980500 0.3281 -0.7671 1.3965 0.0540 0.9380 -0.3413 0.0281
1305031797.013555 depth/1305031797.013555.png 1305031797.010400 0.3250 -0.7618 1.3894 0.0554 0.9418 -0.3303 0.0280
1305031797.049352 depth/1305031797.049352.png 1305031797.050500 0.3209 -0.7546 1.3805 0.0578 0.9458 -0.3186 0.0270
1305031797.081428 depth/1305031797.081428.png 1305031797.080500 0.3173 -0.7492 1.3747 0.0585 0.9487 -0.3097 0.0259
1305031797.112264 depth/1305031797.112264.png 1305031797.110400 0.3133 -0.7441 1.3694 0.0599 0.9515 -0.3006 0.0251
1305031797.149559 depth/1305031797.149559.png 1305031797.150400 0.3074 -0.7378 1.3627 0.0667 0.9545 -0.2893 0.0262
1305031797.181442 depth/1305031797.181442.png 1305031797.180500 0.3029 -0.7332 1.3581 0.0714 0.9569 -0.2801 0.0287
1305031797.213717 depth/1305031797.213717.png 1305031797.210400 0.2985 -0.7286 1.3539 0.0743 0.9593 -0.2706 0.0325
1305031797.249736 depth/1305031797.249736.png 1305031797.250400 0.2931 -0.7223 1.3484 0.0790 0.9627 -0.2560 0.0385
1305031797.281280 depth/1305031797.281280.png 1305031797.280400 0.2894 -0.7179 1.3449 0.0807 0.9643 -0.2485 0.0427
1305031797.313591 depth/1305031797.313591.png 1305031797.310400 0.2853 -0.7139 1.3420 0.0820 0.9660 -0.2410 0.0453
1305031797.349653 depth/1305031797.349653.png 1305031797.350400 0.2796 -0.7092 1.3385 0.0846 0.9678 -0.2327 0.0456
1305031797.381725 depth/1305031797.381725.png 1305031797.380500 0.2760 -0.7059 1.3359 0.0899 0.9685 -0.2273 0.0475
1305031797.413444 depth/1305031797.413444.png 1305031797.410500 0.2718 -0.7031 1.3345 0.0932 0.9691 -0.2231 0.0488
1305031797.449459 depth/1305031797.449459.png 1305031797.450400 0.2661 -0.7005 1.3335 0.0972 0.9693 -0.2202 0.0504
1305031797.481250 depth/1305031797.481250.png 1305031797.480400 0.2619 -0.6990 1.3334 0.1008 0.9692 -0.2187 0.0520
1305031797.511821 depth/1305031797.511821.png 1305031797.510400 0.2580 -0.6981 1.3341 0.1036 0.9694 -0.2157 0.0545
1305031797.549595 depth/1305031797.549595.png 1305031797.550500 0.2524 -0.6981 1.3364 0.1061 0.9673 -0.2239 0.0546
1305031797.577492 depth/1305031797.577492.png 1305031797.580500 0.2483 -0.6987 1.3395 0.1101 0.9649 -0.2321 0.0542
1305031797.613482 depth/1305031797.613482.png 1305031797.610500 0.2439 -0.7002 1.3436 0.1153 0.9618 -0.2430 0.0517
1305031797.649463 depth/1305031797.649463.png 1305031797.650400 0.2385 -0.7026 1.3508 0.1213 0.9565 -0.2613 0.0467
1305031797.681494 depth/1305031797.681494.png 1305031797.680500 0.2346 -0.7044 1.3575 0.1231 0.9524 -0.2757 0.0422
1305031797.711478 depth/1305031797.711478.png 1305031797.710500 0.2310 -0.7061 1.3649 0.1240 0.9488 -0.2883 0.0361
1305031797.749330 depth/1305031797.749330.png 1305031797.750500 0.2263 -0.7086 1.3753 0.1248 0.9426 -0.3089 0.0245
1305031797.781348 depth/1305031797.781348.png 1305031797.780500 0.2228 -0.7102 1.3834 0.1246 0.9390 -0.3203 0.0146
1305031797.815855 depth/1305031797.815855.png 1305031797.820400 0.2187 -0.7122 1.3948 0.1246 0.9336 -0.3359 0.0037
1305031797.849306 depth/1305031797.849306.png 1305031797.850500 0.2153 -0.7140 1.4038 0.1274 0.9279 -0.3504 -0.0044
1305031797.877576 depth/1305031797.877576.png 1305031797.880500 0.2121 -0.7164 1.4129 0.1321 0.9209 -0.3666 -0.0125
1305031797.917116 depth/1305031797.917116.png 1305031797.920400 0.2080 -0.7192 1.4252 0.1383 0.9114 -0.3869 -0.0243
1305031797.949871 depth/1305031797.949871.png 1305031797.950500 0.2054 -0.7213 1.4348 0.1431 0.9034 -0.4028 -0.0325
1305031797.981971 depth/1305031797.981971.png 1305031797.980400 0.2026 -0.7237 1.4447 0.1488 0.8944 -0.4196 -0.0419
1305031798.015269 depth/1305031798.015269.png 1305031798.010500 0.2004 -0.7265 1.4545 0.1556 0.8853 -0.4353 -0.0503
1305031798.049495 depth/1305031798.049495.png 1305031798.050400 0.1978 -0.7300 1.4674 0.1620 0.8747 -0.4526 -0.0612
1305031798.081417 depth/1305031798.081417.png 1305031798.080500 0.1963 -0.7330 1.4776 0.1658 0.8649 -0.4686 -0.0702
1305031798.114860 depth/1305031798.114860.png 1305031798.110500 0.1951 -0.7357 1.4878 0.1714 0.8562 -0.4811 -0.0784
1305031798.149092 depth/1305031798.149092.png 1305031798.150500 0.1946 -0.7397 1.5013 0.1795 0.8450 -0.4960 -0.0884
1305031798.180856 depth/1305031798.180856.png 1305031798.180500 0.1949 -0.7431 1.5108 0.1839 0.8377 -0.5055 -0.0945
1305031798.216938 depth/1305031798.216938.png 1305031798.220400 0.1961 -0.7475 1.5232 0.1905 0.8277 -0.5174 -0.1046
1305031798.249843 depth/1305031798.249843.png 1305031798.250400 0.1973 -0.7506 1.5324 0.1963 0.8186 -0.5275 -0.1144
1305031798.277285 depth/1305031798.277285.png 1305031798.280500 0.1988 -0.7536 1.5412 0.2016 0.8098 -0.5368 -0.1241
1305031798.317008 depth/1305031798.317008.png 1305031798.320500 0.2010 -0.7574 1.5522 0.2078 0.7986 -0.5484 -0.1351
1305031798.349326 depth/1305031798.349326.png 1305031798.350400 0.2030 -0.7604 1.5599 0.2114 0.7891 -0.5587 -0.1428
1305031798.381412 depth/1305031798.381412.png 1305031798.380400 0.2052 -0.7633 1.5673 0.2148 0.7804 -0.5674 -0.1509
1305031798.417238 depth/1305031798.417238.png 1305031798.420400 0.2081 -0.7667 1.5767 0.2205 0.7683 -0.5785 -0.1628
1305031798.449066 depth/1305031798.449066.png 1305031798.450400 0.2104 -0.7695 1.5837 0.2251 0.7583 -0.5873 -0.1713
1305031798.481517 depth/1305031798.481517.png 1305031798.480400 0.2127 -0.7720 1.5908 0.2289 0.7478 -0.5970 -0.1788
1305031798.517491 depth/1305031798.517491.png 1305031798.520400 0.2155 -0.7753 1.5999 0.2334 0.7349 -0.6078 -0.1901
1305031798.548782 depth/1305031798.548782.png 1305031798.550400 0.2178 -0.7776 1.6066 0.2386 0.7240 -0.6158 -0.1992
1305031798.581190 depth/1305031798.581190.png 1305031798.580500 0.2199 -0.7795 1.6133 0.2434 0.7130 -0.6244 -0.2062
1305031798.616969 depth/1305031798.616969.png 1305031798.620400 0.2224 -0.7817 1.6225 0.2508 0.6983 -0.6351 -0.2148
1305031798.649387 depth/1305031798.649387.png 1305031798.650500 0.2240 -0.7834 1.6298 0.2575 0.6887 -0.6410 -0.2202
1305031798.681173 depth/1305031798.681173.png 1305031798.680500 0.2257 -0.7843 1.6377 0.2665 0.6785 -0.6467 -0.2245
1305031798.717545 depth/1305031798.717545.png 1305031798.720400 0.2287 -0.7859 1.6487 0.2757 0.6633 -0.6561 -0.2313
1305031798.749417 depth/1305031798.749417.png 1305031798.750400 0.2310 -0.7858 1.6566 -0.2789 -0.6530 0.6630 0.2370
1305031798.780379 depth/1305031798.780379.png 1305031798.780500 0.2338 -0.7853 1.6640 -0.2793 -0.6436 0.6696 0.2437
1305031798.816718 depth/1305031798.816718.png 1305031798.820500 0.2368 -0.7847 1.6742 -0.2804 -0.6254 0.6814 0.2567
1305031798.848499 depth/1305031798.848499.png 1305031798.850500 0.2396 -0.7832 1.6810 -0.2811 -0.6167 0.6865 0.2634
1305031798.880461 depth/1305031798.880461.png 1305031798.880500 0.2421 -0.7817 1.6874 -0.2797 -0.6081 0.6921 0.2702
1305031798.916769 depth/1305031798.916769.png 1305031798.920500 0.2452 -0.7794 1.6950 -0.2758 -0.5989 0.6986 0.2778
1305031798.948386 depth/1305031798.948386.png 1305031798.950400 0.2471 -0.7772 1.7001 -0.2743 -0.5922 0.7028 0.2829
1305031798.977548 depth/1305031798.977548.png 1305031798.980500 0.2490 -0.7744 1.7047 -0.2736 -0.5853 0.7070 0.2876
1305031799.016423 depth/1305031799.016423.png 1305031799.020500 0.2508 -0.7703 1.7106 -0.2698 -0.5751 0.7137 0.2953
1305031799.048165 depth/1305031799.048165.png 1305031799.050400 0.2517 -0.7664 1.7141 -0.2687 -0.5705 0.7148 0.3023
1305031799.084229 depth/1305031799.084229.png 1305031799.080400 0.2520 -0.7622 1.7176 -0.2683 -0.5653 0.7159 0.3097
1305031799.116275 depth/1305031799.116275.png 1305031799.120400 0.2517 -0.7559 1.7215 -0.2687 -0.5600 0.7164 0.3179
1305031799.148353 depth/1305031799.148353.png 1305031799.150400 0.2510 -0.7504 1.7240 -0.2697 -0.5565 0.7163 0.3232
1305031799.184133 depth/1305031799.184133.png 1305031799.180400 0.2500 -0.7447 1.7259 -0.2725 -0.5538 0.7168 0.3244
1305031799.216330 depth/1305031799.216330.png 1305031799.220400 0.2479 -0.7367 1.7274 -0.2760 -0.5526 0.7161 0.3251
1305031799.248919 depth/1305031799.248919.png 1305031799.250400 0.2461 -0.7304 1.7276 -0.2782 -0.5528 0.7142 0.3270
1305031799.282109 depth/1305031799.282109.png 1305031799.280500 0.2439 -0.7240 1.7272 -0.2810 -0.5523 0.7123 0.3296
1305031799.317052 depth/1305031799.317052.png 1305031799.320400 0.2408 -0.7152 1.7261 -0.2855 -0.5542 0.7073 0.3334
1305031799.345225 depth/1305031799.345225.png 1305031799.340500 0.2389 -0.7107 1.7253 -0.2869 -0.5536 0.7059 0.3360
1305031799.385836 depth/1305031799.385836.png 1305031799.390400 0.2341 -0.6990 1.7217 -0.2946 -0.5543 0.7004 0.3397
1305031799.417030 depth/1305031799.417030.png 1305031799.420400 0.2309 -0.6927 1.7188 -0.2980 -0.5579 0.6963 0.3394
1305031799.449416 depth/1305031799.449416.png 1305031799.450400 0.2274 -0.6866 1.7154 -0.3022 -0.5634 0.6901 0.3392
1305031799.485270 depth/1305031799.485270.png 1305031799.480400 0.2240 -0.6802 1.7109 -0.3060 -0.5713 0.6822 0.3386
1305031799.517032 depth/1305031799.517032.png 1305031799.520400 0.2193 -0.6722 1.7040 -0.3118 -0.5808 0.6720 0.3375
1305031799.548193 depth/1305031799.548193.png 1305031799.550400 0.2155 -0.6667 1.6980 -0.3163 -0.5883 0.6640 0.3360
1305031799.581386 depth/1305031799.581386.png 1305031799.580500 0.2118 -0.6615 1.6913 -0.3214 -0.5965 0.6553 0.3339
1305031799.617188 depth/1305031799.617188.png 1305031799.620400 0.2074 -0.6548 1.6816 -0.3276 -0.6065 0.6447 0.3304
1305031799.649673 depth/1305031799.649673.png 1305031799.650400 0.2044 -0.6505 1.6738 -0.3335 -0.6155 0.6354 0.3259
1305031799.685493 depth/1305031799.685493.png 1305031799.690400 0.2003 -0.6450 1.6626 0.3401 0.6265 -0.6237 -0.3208
1305031799.717286 depth/1305031799.717286.png 1305031799.720400 0.1979 -0.6409 1.6538 0.3450 0.6358 -0.6142 -0.3154
1305031799.749321 depth/1305031799.749321.png 1305031799.750500 0.1961 -0.6366 1.6448 0.3512 0.6434 -0.6055 -0.3099
1305031799.785018 depth/1305031799.785018.png 1305031799.780400 0.1935 -0.6332 1.6357 0.3556 0.6507 -0.5980 -0.3042
1305031799.814639 depth/1305031799.814639.png 1305031799.810400 0.1915 -0.6301 1.6264 0.3611 0.6595 -0.5881 -0.2979
1305031799.849553 depth/1305031799.849553.png 1305031799.850500 0.1887 -0.6268 1.6142 0.3696 0.6675 -0.5776 -0.2901
1305031799.885163 depth/1305031799.885163.png 1305031799.880500 0.1873 -0.6245 1.6046 0.3742 0.6763 -0.5673 -0.2842
1305031799.916952 depth/1305031799.916952.png 1305031799.920400 0.1849 -0.6218 1.5914 0.3809 0.6874 -0.5526 -0.2776
1305031799.949350 depth/1305031799.949350.png 1305031799.950400 0.1832 -0.6200 1.5813 0.3876 0.6938 -0.5421 -0.2730
1305031799.985260 depth/1305031799.985260.png 1305031799.980400 0.1822 -0.6181 1.5705 0.3939 0.7009 -0.5315 -0.2666
1305031800.017573 depth/1305031800.017573.png 1305031800.020400 0.1804 -0.6161 1.5562 0.4009 0.7109 -0.5173 -0.2575
1305031800.049428 depth/1305031800.049428.png 1305031800.050400 0.1791 -0.6147 1.5452 0.4066 0.7176 -0.5067 -0.2509
1305031800.085033 depth/1305031800.085033.png 1305031800.080400 0.1780 -0.6132 1.5340 0.4115 0.7229 -0.4976 -0.2459
1305031800.117205 depth/1305031800.117205.png 1305031800.120400 0.1763 -0.6114 1.5192 0.4183 0.7316 -0.4817 -0.2400
1305031800.149430 depth/1305031800.149430.png 1305031800.150400 0.1749 -0.6100 1.5080 0.4243 0.7357 -0.4712 -0.2384
1305031800.185401 depth/1305031800.185401.png 1305031800.180500 0.1741 -0.6079 1.4969 0.4316 0.7398 -0.4591 -0.2358
1305031800.217472 depth/1305031800.217472.png 1305031800.220400 0.1725 -0.6058 1.4814 0.4409 0.7457 -0.4439 -0.2291
1305031800.249376 depth/1305031800.249376.png 1305031800.250400 0.1713 -0.6049 1.4699 0.4483 0.7504 -0.4316 -0.2230
1305031800.285574 depth/1305031800.285574.png 1305031800.290400 0.1703 -0.6033 1.4546 0.4546 0.7583 -0.4148 -0.2150
1305031800.317706 depth/1305031800.317706.png 1305031800.320400 0.1690 -0.6022 1.4436 0.4620 0.7619 -0.4024 -0.2100
1305031800.353570 depth/1305031800.353570.png 1305031800.350500 0.1676 -0.6016 1.4328 0.4693 0.7653 -0.3899 -0.2050
1305031800.386128 depth/1305031800.386128.png 1305031800.390400 0.1656 -0.6007 1.4196 0.4793 0.7688 -0.3737 -0.1989
1305031800.417282 depth/1305031800.417282.png 1305031800.420400 0.1642 -0.5999 1.4099 0.4858 0.7718 -0.3616 -0.1941
1305031800.453754 depth/1305031800.453754.png 1305031800.450400 0.1629 -0.5990 1.4010 0.4933 0.7736 -0.3500 -0.1886
1305031800.485575 depth/1305031800.485575.png 1305031800.490400 0.1614 -0.5980 1.3904 0.5031 0.7754 -0.3360 -0.1810
1305031800.517739 depth/1305031800.517739.png 1305031800.520400 0.1601 -0.5976 1.3833 0.5108 0.7756 -0.3268 -0.1756
1305031800.553340 depth/1305031800.553340.png 1305031800.550400 0.1584 -0.5979 1.3764 0.5173 0.7750 -0.3192 -0.1729
1305031800.585490 depth/1305031800.585490.png 1305031800.590400 0.1573 -0.5981 1.3688 0.5252 0.7764 -0.3052 -0.1678
1305031800.617831 depth/1305031800.617831.png 1305031800.620400 0.1563 -0.5986 1.3635 0.5303 0.7775 -0.2956 -0.1642
1305031800.653624 depth/1305031800.653624.png 1305031800.650500 0.1552 -0.5996 1.3588 0.5344 0.7784 -0.2873 -0.1608
1305031800.685405 depth/1305031800.685405.png 1305031800.690400 0.1542 -0.6010 1.3530 0.5418 0.7788 -0.2761 -0.1540
1305031800.713947 depth/1305031800.713947.png 1305031800.710400 0.1536 -0.6018 1.3506 0.5453 0.7786 -0.2713 -0.1512
1305031800.753166 depth/1305031800.753166.png 1305031800.750500 0.1517 -0.6040 1.3472 0.5520 0.7771 -0.2642 -0.1467
1305031800.784054 depth/1305031800.784054.png 1305031800.780400 0.1497 -0.6056 1.3457 0.5581 0.7742 -0.2609 -0.1453
1305031800.816096 depth/1305031800.816096.png 1305031800.820400 0.1467 -0.6081 1.3464 0.5644 0.7689 -0.2616 -0.1477
1305031800.853919 depth/1305031800.853919.png 1305031800.850400 0.1441 -0.6100 1.3487 0.5689 0.7633 -0.2653 -0.1526
1305031800.885396 depth/1305031800.885396.png 1305031800.880400 0.1411 -0.6121 1.3525 0.5733 0.7562 -0.2715 -0.1602
1305031800.917427 depth/1305031800.917427.png 1305031800.920400 0.1372 -0.6148 1.3590 0.5780 0.7477 -0.2797 -0.1692
1305031800.953700 depth/1305031800.953700.png 1305031800.950400 0.1337 -0.6170 1.3657 0.5803 0.7387 -0.2915 -0.1807
1305031800.985467 depth/1305031800.985467.png 1305031800.990400 0.1292 -0.6197 1.3757 0.5831 0.7247 -0.3086 -0.1991
1305031801.017256 depth/1305031801.017256.png 1305031801.020400 0.1259 -0.6216 1.3838 0.5854 0.7140 -0.3194 -0.2134
1305031801.053202 depth/1305031801.053202.png 1305031801.050400 0.1225 -0.6236 1.3923 0.5855 0.7028 -0.3322 -0.2302
1305031801.085709 depth/1305031801.085709.png 1305031801.090400 0.1189 -0.6263 1.4041 0.5849 0.6894 -0.3466 -0.2500
1305031801.117929 depth/1305031801.117929.png 1305031801.120400 0.1165 -0.6281 1.4130 0.5839 0.6799 -0.3550 -0.2659
1305031801.149557 depth/1305031801.149557.png 1305031801.150400 0.1143 -0.6299 1.4225 0.5813 0.6696 -0.3648 -0.2839
1305031801.183875 depth/1305031801.183875.png 1305031801.180400 0.1126 -0.6316 1.4323 0.5795 0.6581 -0.3743 -0.3016
1305031801.213176 depth/1305031801.213176.png 1305031801.210400 0.1110 -0.6331 1.4423 0.5775 0.6461 -0.3843 -0.3183
1305031801.253746 depth/1305031801.253746.png 1305031801.250500 0.1095 -0.6351 1.4558 0.5736 0.6321 -0.3968 -0.3375
1305031801.285341 depth/1305031801.285341.png 1305031801.280400 0.1087 -0.6365 1.4663 0.5698 0.6227 -0.4057 -0.3507
1305031801.318014 depth/1305031801.318014.png 1305031801.320400 0.1083 -0.6378 1.4804 0.5654 0.6100 -0.4171 -0.3665
1305031801.353094 depth/1305031801.353094.png 1305031801.350500 0.1083 -0.6381 1.4908 0.5625 0.6010 -0.4244 -0.3772
1305031801.385194 depth/1305031801.385194.png 1305031801.380500 0.1085 -0.6385 1.5011 0.5594 0.5935 -0.4305 -0.3867
1305031801.417407 depth/1305031801.417407.png 1305031801.420400 0.1087 -0.6385 1.5143 0.5540 0.5835 -0.4401 -0.3987
1305031801.453727 depth/1305031801.453727.png 1305031801.450400 0.1091 -0.6383 1.5239 0.5507 0.5765 -0.4462 -0.4066
1305031801.485350 depth/1305031801.485350.png 1305031801.480400 0.1100 -0.6377 1.5332 0.5467 0.5695 -0.4530 -0.4142
1305031801.521131 depth/1305031801.521131.png 1305031801.520400 0.1112 -0.6367 1.5452 0.5403 0.5597 -0.4643 -0.4234
1305031801.550374 depth/1305031801.550374.png 1305031801.550400 0.1122 -0.6358 1.5539 0.5346 0.5536 -0.4719 -0.4302
1305031801.585137 depth/1305031801.585137.png 1305031801.580400 0.1133 -0.6345 1.5624 0.5297 0.5463 -0.4800 -0.4367
1305031801.621227 depth/1305031801.621227.png 1305031801.620400 0.1153 -0.6323 1.5734 0.5228 0.5352 -0.4915 -0.4457
1305031801.653135 depth/1305031801.653135.png 1305031801.650400 0.1167 -0.6304 1.5818 0.5149 0.5254 -0.5019 -0.4549
1305031801.685234 depth/1305031801.685234.png 1305031801.680400 0.1186 -0.6283 1.5903 0.5064 0.5149 -0.5126 -0.4644
1305031801.721833 depth/1305031801.721833.png 1305031801.720400 0.1216 -0.6250 1.6009 -0.4974 -0.5040 0.5229 0.4745
1305031801.752492 depth/1305031801.752492.png 1305031801.750500 0.1233 -0.6220 1.6085 -0.4895 -0.4954 0.5307 0.4829
1305031801.785189 depth/1305031801.785189.png 1305031801.780500 0.1255 -0.6190 1.6160 -0.4827 -0.4880 0.5375 0.4898
1305031801.821431 depth/1305031801.821431.png 1305031801.820400 0.1286 -0.6141 1.6253 -0.4754 -0.4787 0.5437 0.4993
1305031801.851024 depth/1305031801.851024.png 1305031801.850400 0.1307 -0.6100 1.6319 -0.4697 -0.4702 0.5501 0.5057
1305031801.885594 depth/1305031801.885594.png 1305031801.890400 0.1316 -0.6040 1.6403 -0.4605 -0.4563 0.5589 0.5171
1305031801.921490 depth/1305031801.921490.png 1305031801.920400 0.1328 -0.5997 1.6458 -0.4566 -0.4518 0.5629 0.5202
1305031801.953537 depth/1305031801.953537.png 1305031801.950400 0.1332 -0.5950 1.6512 -0.4507 -0.4457 0.5692 0.5237
1305031801.985210 depth/1305031801.985210.png 1305031801.980400 0.1335 -0.5899 1.6562 -0.4472 -0.4403 0.5750 0.5248
1305031802.019644 depth/1305031802.019644.png 1305031802.020400 0.1342 -0.5827 1.6626 -0.4432 -0.4309 0.5841 0.5260
1305031802.053402 depth/1305031802.053402.png 1305031802.050400 0.1345 -0.5772 1.6673 -0.4404 -0.4241 0.5890 0.5284
1305031802.085036 depth/1305031802.085036.png 1305031802.080400 0.1348 -0.5719 1.6720 -0.4368 -0.4162 0.5926 0.5336
1305031802.121342 depth/1305031802.121342.png 1305031802.120400 0.1356 -0.5650 1.6777 -0.4315 -0.4036 0.5964 0.5433
1305031802.153506 depth/1305031802.153506.png 1305031802.150400 0.1355 -0.5599 1.6817 -0.4293 -0.3923 0.5977 0.5519
1305031802.184646 depth/1305031802.184646.png 1305031802.180400 0.1356 -0.5554 1.6846 -0.4305 -0.3862 0.5967 0.5563
1305031802.219780 depth/1305031802.219780.png 1305031802.220400 0.1350 -0.5493 1.6877 -0.4333 -0.3784 0.5937 0.5626
1305031802.253201 depth/1305031802.253201.png 1305031802.250400 0.1343 -0.5448 1.6891 -0.4377 -0.3727 0.5911 0.5657
1305031802.285410 depth/1305031802.285410.png 1305031802.280500 0.1334 -0.5406 1.6898 -0.4437 -0.3690 0.5874 0.5674
1305031802.321392 depth/1305031802.321392.png 1305031802.320500 0.1314 -0.5359 1.6895 -0.4498 -0.3687 0.5820 0.5684
1305031802.353673 depth/1305031802.353673.png 1305031802.350500 0.1300 -0.5326 1.6880 -0.4552 -0.3705 0.5761 0.5689
1305031802.385256 depth/1305031802.385256.png 1305031802.380500 0.1288 -0.5293 1.6862 -0.4589 -0.3680 0.5721 0.5716
1305031802.421381 depth/1305031802.421381.png 1305031802.420500 0.1263 -0.5255 1.6827 -0.4647 -0.3666 0.5663 0.5736
1305031802.449815 depth/1305031802.449815.png 1305031802.450500 0.1243 -0.5232 1.6791 -0.4693 -0.3675 0.5608 0.5746
1305031802.485366 depth/1305031802.485366.png 1305031802.480600 0.1222 -0.5211 1.6750 -0.4731 -0.3673 0.5566 0.5757
1305031802.521559 depth/1305031802.521559.png 1305031802.520500 0.1189 -0.5192 1.6678 -0.4808 -0.3708 0.5494 0.5739
1305031802.553684 depth/1305031802.553684.png 1305031802.550500 0.1158 -0.5184 1.6615 -0.4884 -0.3773 0.5406 0.5717
1305031802.585533 depth/1305031802.585533.png 1305031802.590500 0.1116 -0.5173 1.6520 -0.4999 -0.3851 0.5277 0.5687
1305031802.621150 depth/1305031802.621150.png 1305031802.620500 0.1082 -0.5168 1.6435 -0.5136 -0.3940 0.5138 0.5631
1305031802.651432 depth/1305031802.651432.png 1305031802.650500 0.1037 -0.5164 1.6342 -0.5290 -0.4043 0.4970 0.5565
1305031802.685539 depth/1305031802.685539.png 1305031802.680500 0.0995 -0.5167 1.6243 -0.5427 -0.4137 0.4828 0.5489
1305031802.721583 depth/1305031802.721583.png 1305031802.720600 0.0934 -0.5171 1.6110 -0.5589 -0.4276 0.4651 0.5370
1305031802.751226 depth/1305031802.751226.png 1305031802.750600 0.0882 -0.5174 1.6007 -0.5730 -0.4369 0.4510 0.5268
1305031802.789007 depth/1305031802.789007.png 1305031802.790500 0.0810 -0.5176 1.5872 -0.5904 -0.4442 0.4345 0.5151
1305031802.821805 depth/1305031802.821805.png 1305031802.820600 0.0756 -0.5173 1.5775 -0.6035 -0.4462 0.4231 0.5077
1305031802.853857 depth/1305031802.853857.png 1305031802.850600 0.0711 -0.5171 1.5675 0.6185 0.4475 -0.4105 -0.4988
1305031802.890975 depth/1305031802.890975.png 1305031802.890600 0.0647 -0.5167 1.5548 0.6328 0.4483 -0.3977 -0.4903
1305031802.921571 depth/1305031802.921571.png 1305031802.920600 0.0609 -0.5167 1.5455 0.6455 0.4495 -0.3858 -0.4821
1305031802.954186 depth/1305031802.954186.png 1305031802.950800 0.0573 -0.5164 1.5366 0.6555 0.4484 -0.3752 -0.4779
1305031802.989730 depth/1305031802.989730.png 1305031802.990700 0.0532 -0.5160 1.5248 0.6701 0.4453 -0.3587 -0.4732
1305031803.021911 depth/1305031803.021911.png 1305031803.020700 0.0509 -0.5157 1.5161 0.6810 0.4437 -0.3458 -0.4688
1305031803.053859 depth/1305031803.053859.png 1305031803.050700 0.0487 -0.5153 1.5075 0.6912 0.4401 -0.3351 -0.4650
1305031803.089624 depth/1305031803.089624.png 1305031803.090700 0.0468 -0.5147 1.4961 0.7053 0.4336 -0.3227 -0.4587
1305031803.122288 depth/1305031803.122288.png 1305031803.120600 0.0459 -0.5145 1.4874 0.7152 0.4304 -0.3124 -0.4535
1305031803.153738 depth/1305031803.153738.png 1305031803.150600 0.0451 -0.5142 1.4787 0.7257 0.4266 -0.3023 -0.4473
1305031803.189456 depth/1305031803.189456.png 1305031803.190600 0.0448 -0.5142 1.4674 0.7384 0.4198 -0.2915 -0.4400
1305031803.222097 depth/1305031803.222097.png 1305031803.220700 0.0451 -0.5143 1.4589 0.7473 0.4166 -0.2819 -0.4342
1305031803.253833 depth/1305031803.253833.png 1305031803.250700 0.0457 -0.5146 1.4502 0.7564 0.4132 -0.2720 -0.4279
1305031803.289513 depth/1305031803.289513.png 1305031803.290600 0.0469 -0.5153 1.4386 0.7675 0.4067 -0.2610 -0.4212
1305031803.317616 depth/1305031803.317616.png 1305031803.320600 0.0478 -0.5161 1.4301 0.7747 0.4035 -0.2527 -0.4161
1305031803.353839 depth/1305031803.353839.png 1305031803.350700 0.0489 -0.5171 1.4216 0.7827 0.4004 -0.2439 -0.4093
1305031803.393279 depth/1305031803.393279.png 1305031803.390600 0.0508 -0.5184 1.4112 0.7929 0.3958 -0.2343 -0.3996
1305031803.421427 depth/1305031803.421427.png 1305031803.420700 0.0529 -0.5197 1.4041 0.7991 0.3927 -0.2287 -0.3935
1305031803.449958 depth/1305031803.449958.png 1305031803.450600 0.0552 -0.5203 1.3972 0.8041 0.3895 -0.2221 -0.3904
1305031803.489758 depth/1305031803.489758.png 1305031803.490600 0.0586 -0.5209 1.3887 0.8117 0.3840 -0.2146 -0.3843
1305031803.517807 depth/1305031803.517807.png 1305031803.520600 0.0616 -0.5211 1.3831 0.8170 0.3809 -0.2097 -0.3788
1305031803.553175 depth/1305031803.553175.png 1305031803.550600 0.0648 -0.5211 1.3779 0.8218 0.3776 -0.2062 -0.3737
1305031803.588621 depth/1305031803.588621.png 1305031803.590700 0.0689 -0.5208 1.3714 0.8277 0.3747 -0.2023 -0.3654
1305031803.617801 depth/1305031803.617801.png 1305031803.620700 0.0712 -0.5201 1.3666 0.8310 0.3747 -0.1995 -0.3596
1305031803.654299 depth/1305031803.654299.png 1305031803.650600 0.0734 -0.5192 1.3621 0.8343 0.3752 -0.1950 -0.3537
1305031803.686328 depth/1305031803.686328.png 1305031803.690700 0.0770 -0.5177 1.3565 0.8402 0.3743 -0.1871 -0.3448
1305031803.721631 depth/1305031803.721631.png 1305031803.720700 0.0797 -0.5168 1.3523 0.8452 0.3739 -0.1826 -0.3354
1305031803.754202 depth/1305031803.754202.png 1305031803.750700 0.0824 -0.5160 1.3473 0.8497 0.3757 -0.1793 -0.3236
1305031803.789665 depth/1305031803.789665.png 1305031803.790600 0.0871 -0.5151 1.3407 0.8548 0.3774 -0.1747 -0.3103
1305031803.822228 depth/1305031803.822228.png 1305031803.820600 0.0912 -0.5149 1.3351 0.8585 0.3797 -0.1711 -0.2992
1305031803.854272 depth/1305031803.854272.png 1305031803.850900 0.0956 -0.5148 1.3293 0.8619 0.3832 -0.1665 -0.2874
1305031803.894274 depth/1305031803.894274.png 1305031803.890600 0.1023 -0.5152 1.3215 0.8659 0.3867 -0.1599 -0.2742
1305031803.922306 depth/1305031803.922306.png 1305031803.920600 0.1079 -0.5156 1.3156 0.8687 0.3896 -0.1548 -0.2638
1305031803.953878 depth/1305031803.953878.png 1305031803.950600 0.1134 -0.5162 1.3092 0.8716 0.3924 -0.1505 -0.2523
1305031803.986986 depth/1305031803.986986.png 1305031803.990700 0.1206 -0.5169 1.3004 0.8756 0.3946 -0.1465 -0.2370
1305031804.021991 depth/1305031804.021991.png 1305031804.020600 0.1261 -0.5174 1.2936 0.8791 0.3946 -0.1435 -0.2256
1305031804.057867 depth/1305031804.057867.png 1305031804.060700 0.1333 -0.5181 1.2850 0.8828 0.3957 -0.1394 -0.2113
1305031804.090568 depth/1305031804.090568.png 1305031804.090800 0.1387 -0.5185 1.2791 0.8848 0.3964 -0.1366 -0.2033
1305031804.121807 depth/1305031804.121807.png 1305031804.120600 0.1440 -0.5186 1.2738 0.8872 0.3956 -0.1336 -0.1964
1305031804.159547 depth/1305031804.159547.png 1305031804.160600 0.1508 -0.5185 1.2678 0.8900 0.3947 -0.1303 -0.1871
1305031804.190025 depth/1305031804.190025.png 1305031804.190600 0.1554 -0.5180 1.2643 0.8915 0.3935 -0.1301 -0.1829
1305031804.221943 depth/1305031804.221943.png 1305031804.220700 0.1593 -0.5168 1.2623 0.8933 0.3900 -0.1304 -0.1816
1305031804.257543 depth/1305031804.257543.png 1305031804.260600 0.1637 -0.5143 1.2614 0.8951 0.3843 -0.1318 -0.1838
1305031804.289105 depth/1305031804.289105.png 1305031804.290600 0.1661 -0.5120 1.2628 0.8952 0.3807 -0.1347 -0.1883
1305031804.322186 depth/1305031804.322186.png 1305031804.320600 0.1677 -0.5090 1.2658 0.8941 0.3773 -0.1394 -0.1970
1305031804.357487 depth/1305031804.357487.png 1305031804.360600 0.1690 -0.5045 1.2724 0.8923 0.3706 -0.1462 -0.2122
1305031804.388583 depth/1305031804.388583.png 1305031804.390600 0.1698 -0.5009 1.2794 0.8903 0.3657 -0.1503 -0.2259
1305031804.420347 depth/1305031804.420347.png 1305031804.420600 0.1702 -0.4971 1.2876 0.8869 0.3616 -0.1548 -0.2422
1305031804.458421 depth/1305031804.458421.png 1305031804.460600 0.1704 -0.4921 1.3004 0.8822 0.3556 -0.1593 -0.2644
1305031804.488618 depth/1305031804.488618.png 1305031804.490600 0.1703 -0.4883 1.3108 0.8787 0.3509 -0.1626 -0.2800
1305031804.520334 depth/1305031804.520334.png 1305031804.520600 0.1697 -0.4846 1.3219 0.8744 0.3456 -0.1665 -0.2971
1305031804.553325 depth/1305031804.553325.png 1305031804.550600 0.1692 -0.4812 1.3336 0.8703 0.3403 -0.1699 -0.3131
1305031804.588603 depth/1305031804.588603.png 1305031804.590800 0.1685 -0.4771 1.3496 0.8643 0.3332 -0.1733 -0.3345
1305031804.620878 depth/1305031804.620878.png 1305031804.620600 0.1679 -0.4746 1.3616 0.8597 0.3289 -0.1752 -0.3495
1305031804.657048 depth/1305031804.657048.png 1305031804.660600 0.1668 -0.4716 1.3775 0.8526 0.3226 -0.1769 -0.3711
1305031804.689811 depth/1305031804.689811.png 1305031804.690600 0.1657 -0.4699 1.3896 0.8468 0.3168 -0.1772 -0.3889
1305031804.721742 depth/1305031804.721742.png 1305031804.720600 0.1647 -0.4690 1.4016 0.8404 0.3110 -0.1770 -0.4070
1305031804.761864 depth/1305031804.761864.png 1305031804.760700 0.1626 -0.4679 1.4178 0.8296 0.3038 -0.1767 -0.4340
1305031804.794542 depth/1305031804.794542.png 1305031804.790600 0.1607 -0.4677 1.4301 0.8211 0.2984 -0.1760 -0.4537
1305031804.822160 depth/1305031804.822160.png 1305031804.820700 0.1579 -0.4672 1.4428 0.8117 0.2902 -0.1749 -0.4758
1305031804.857799 depth/1305031804.857799.png 1305031804.860700 0.1539 -0.4673 1.4600 -0.7995 -0.2803 0.1727 0.5025
1305031804.889635 depth/1305031804.889635.png 1305031804.890900 0.1502 -0.4673 1.4729 -0.7909 -0.2718 0.1718 0.5206
1305031804.921987 depth/1305031804.921987.png 1305031804.920600 0.1458 -0.4673 1.4854 -0.7830 -0.2645 0.1721 0.5360
1305031804.958018 depth/1305031804.958018.png 1305031804.960600 0.1395 -0.4672 1.5017 -0.7731 -0.2564 0.1731 0.5537
1305031804.989454 depth/1305031804.989454.png 1305031804.990600 0.1342 -0.4670 1.5136 -0.7662 -0.2481 0.1748 0.5664
1305031805.021251 depth/1305031805.021251.png 1305031805.020600 0.1289 -0.4668 1.5251 -0.7598 -0.2377 0.1773 0.5785
1305031805.053799 depth/1305031805.053799.png 1305031805.050600 0.1237 -0.4670 1.5359 -0.7550 -0.2297 0.1786 0.5876
1305031805.088981 depth/1305031805.088981.png 1305031805.090600 0.1163 -0.4668 1.5497 -0.7445 -0.2196 0.1825 0.6035
1305031805.120822 depth/1305031805.120822.png 1305031805.120600 0.1109 -0.4677 1.5591 -0.7394 -0.2119 0.1860 0.6113
1305031805.156816 depth/1305031805.156816.png 1305031805.160600 0.1037 -0.4688 1.5707 -0.7330 -0.2043 0.1888 0.6207
1305031805.188114 depth/1305031805.188114.png 1305031805.190600 0.0986 -0.4701 1.5785 -0.7283 -0.1993 0.1900 0.6275
1305031805.224830 depth/1305031805.224830.png 1305031805.220600 0.0936 -0.4717 1.5856 -0.7237 -0.1937 0.1903 0.6344
1305031805.256506 depth/1305031805.256506.png 1305031805.260600 0.0874 -0.4741 1.5940 -0.7181 -0.1867 0.1917 0.6425
1305031805.288719 depth/1305031805.288719.png 1305031805.290600 0.0828 -0.4763 1.5993 -0.7137 -0.1819 0.1912 0.6488
1305031805.324692 depth/1305031805.324692.png 1305031805.320700 0.0790 -0.4790 1.6048 -0.7061 -0.1756 0.1884 0.6596
1305031805.360488 depth/1305031805.360488.png 1305031805.360600 0.0745 -0.4829 1.6110 -0.6959 -0.1658 0.1843 0.6741
1305031805.392685 depth/1305031805.392685.png 1305031805.390600 0.0716 -0.4862 1.6154 -0.6870 -0.1577 0.1821 0.6856
1305031805.426082 depth/1305031805.426082.png 1305031805.430600 0.0681 -0.4901 1.6211 -0.6741 -0.1507 0.1784 0.7007
1305031805.455941 depth/1305031805.455941.png 1305031805.460500 0.0660 -0.4934 1.6254 -0.6640 -0.1466 0.1743 0.7122
1305031805.488250 depth/1305031805.488250.png 1305031805.490600 0.0640 -0.4967 1.6296 -0.6529 -0.1420 0.1691 0.7245
1305031805.524339 depth/1305031805.524339.png 1305031805.520700 0.0627 -0.4992 1.6339 -0.6389 -0.1366 0.1645 0.7390
1305031805.555936 depth/1305031805.555936.png 1305031805.560600 0.0610 -0.5022 1.6391 -0.6246 -0.1302 0.1587 0.7535
1305031805.587800 depth/1305031805.587800.png 1305031805.590600 0.0604 -0.5048 1.6426 -0.6140 -0.1275 0.1555 0.7632
1305031805.626288 depth/1305031805.626288.png 1305031805.630600 0.0600 -0.5068 1.6463 -0.6051 -0.1233 0.1522 0.7717
1305031805.653600 depth/1305031805.653600.png 1305031805.650600 0.0601 -0.5073 1.6477 -0.6037 -0.1203 0.1508 0.7735
1305031805.688826 depth/1305031805.688826.png 1305031805.690600 0.0607 -0.5075 1.6498 -0.6026 -0.1132 0.1501 0.7756
1305031805.724499 depth/1305031805.724499.png 1305031805.720600 0.0612 -0.5066 1.6500 -0.6077 -0.1102 0.1484 0.7724
1305031805.756662 depth/1305031805.756662.png 1305031805.760600 0.0624 -0.5045 1.6483 -0.6201 -0.1064 0.1467 0.7633
1305031805.788800 depth/1305031805.788800.png 1305031805.790600 0.0634 -0.5018 1.6456 -0.6354 -0.1047 0.1458 0.7510
1305031805.825010 depth/1305031805.825010.png 1305031805.820600 0.0650 -0.4982 1.6411 -0.6573 -0.1050 0.1431 0.7324
1305031805.856722 depth/1305031805.856722.png 1305031805.860600 0.0677 -0.4930 1.6345 -0.6793 -0.1052 0.1421 0.7122
1305031805.888558 depth/1305031805.888558.png 1305031805.890600 0.0706 -0.4885 1.6285 -0.6947 -0.1048 0.1420 0.6973
1305031805.924334 depth/1305031805.924334.png 1305031805.920600 0.0741 -0.4836 1.6225 -0.7087 -0.1033 0.1411 0.6835
1305031805.956398 depth/1305031805.956398.png 1305031805.960600 0.0799 -0.4768 1.6138 -0.7256 -0.1012 0.1414 0.6658
1305031805.990628 depth/1305031805.990628.png 1305031805.990600 0.0853 -0.4723 1.6068 -0.7383 -0.1001 0.1393 0.6523
1305031806.026273 depth/1305031806.026273.png 1305031806.030600 0.0929 -0.4659 1.5972 -0.7529 -0.0969 0.1346 0.6369
1305031806.056329 depth/1305031806.056329.png 1305031806.060600 0.0989 -0.4615 1.5897 -0.7617 -0.0939 0.1300 0.6277
1305031806.091003 depth/1305031806.091003.png 1305031806.090600 0.1053 -0.4578 1.5821 -0.7698 -0.0920 0.1238 0.6194
1305031806.126194 depth/1305031806.126194.png 1305031806.130700 0.1138 -0.4528 1.5715 -0.7816 -0.0889 0.1155 0.6065
1305031806.160305 depth/1305031806.160305.png 1305031806.160600 0.1203 -0.4499 1.5629 -0.7912 -0.0857 0.1109 0.5952
1305031806.186461 depth/1305031806.186461.png 1305031806.190600 0.1268 -0.4473 1.5537 -0.8015 -0.0840 0.1066 0.5824
1305031806.226737 depth/1305031806.226737.png 1305031806.230600 0.1351 -0.4447 1.5405 -0.8160 -0.0835 0.1013 0.5630
1305031806.256407 depth/1305031806.256407.png 1305031806.260600 0.1412 -0.4424 1.5304 -0.8233 -0.0835 0.0956 0.5532
1305031806.292064 depth/1305031806.292064.png 1305031806.290700 0.1475 -0.4409 1.5198 -0.8334 -0.0816 0.0903 0.5390
1305031806.324430 depth/1305031806.324430.png 1305031806.320600 0.1535 -0.4391 1.5091 -0.8418 -0.0769 0.0872 0.5271
1305031806.356698 depth/1305031806.356698.png 1305031806.360600 0.1616 -0.4374 1.4945 -0.8532 -0.0747 0.0844 0.5093
1305031806.388772 depth/1305031806.388772.png 1305031806.390600 0.1676 -0.4366 1.4832 0.8620 0.0721 -0.0828 -0.4950
1305031806.428086 depth/1305031806.428086.png 1305031806.430600 0.1752 -0.4364 1.4682 0.8716 0.0678 -0.0819 -0.4786
1305031806.458170 depth/1305031806.458170.png 1305031806.460600 0.1807 -0.4366 1.4572 0.8757 0.0665 -0.0791 -0.4716
1305031806.493660 depth/1305031806.493660.png 1305031806.490600 0.1869 -0.4375 1.4461 0.8819 0.0645 -0.0728 -0.4612
1305031806.531887 depth/1305031806.531887.png 1305031806.530600 0.1947 -0.4387 1.4314 0.8894 0.0583 -0.0670 -0.4485
1305031806.556751 depth/1305031806.556751.png 1305031806.560600 0.2007 -0.4394 1.4208 0.8954 0.0555 -0.0647 -0.4370
1305031806.594170 depth/1305031806.594170.png 1305031806.590600 0.2066 -0.4402 1.4106 0.9024 0.0548 -0.0611 -0.4230
1305031806.625910 depth/1305031806.625910.png 1305031806.630500 0.2142 -0.4411 1.3979 0.9102 0.0492 -0.0576 -0.4072
1305031806.660594 depth/1305031806.660594.png 1305031806.660600 0.2197 -0.4417 1.3893 0.9165 0.0433 -0.0561 -0.3938
1305031806.695601 depth/1305031806.695601.png 1305031806.700600 0.2260 -0.4427 1.3789 0.9237 0.0364 -0.0574 -0.3772
1305031806.725479 depth/1305031806.725479.png 1305031806.720600 0.2288 -0.4434 1.3739 0.9271 0.0331 -0.0589 -0.3687
1305031806.757877 depth/1305031806.757877.png 1305031806.760600 0.2333 -0.4448 1.3642 0.9325 0.0268 -0.0629 -0.3547
1305031806.793755 depth/1305031806.793755.png 1305031806.790600 0.2363 -0.4463 1.3571 0.9364 0.0229 -0.0643 -0.3442
1305031806.821694 depth/1305031806.821694.png 1305031806.820600 0.2387 -0.4477 1.3500 0.9401 0.0191 -0.0624 -0.3347
1305031806.857332 depth/1305031806.857332.png 1305031806.860700 0.2413 -0.4499 1.3404 0.9453 0.0148 -0.0594 -0.3204
1305031806.893667 depth/1305031806.893667.png 1305031806.890500 0.2430 -0.4511 1.3336 0.9479 0.0107 -0.0582 -0.3131
1305031806.925528 depth/1305031806.925528.png 1305031806.920600 0.2443 -0.4531 1.3269 0.9516 0.0055 -0.0581 -0.3018
1305031806.957342 depth/1305031806.957342.png 1305031806.960600 0.2456 -0.4554 1.3188 0.9555 -0.0006 -0.0589 -0.2890
1305031806.994718 depth/1305031806.994718.png 1305031806.990600 0.2461 -0.4572 1.3133 0.9577 -0.0048 -0.0577 -0.2818
1305031807.025349 depth/1305031807.025349.png 1305031807.020600 0.2461 -0.4590 1.3085 0.9598 -0.0099 -0.0564 -0.2746
1305031807.057482 depth/1305031807.057482.png 1305031807.060600 0.2456 -0.4609 1.3032 0.9624 -0.0168 -0.0544 -0.2656
1305031807.094797 depth/1305031807.094797.png 1305031807.090600 0.2446 -0.4618 1.3000 0.9638 -0.0220 -0.0526 -0.2606
1305031807.125639 depth/1305031807.125639.png 1305031807.130600 0.2426 -0.4620 1.2969 0.9646 -0.0310 -0.0496 -0.2572
1305031807.158021 depth/1305031807.158021.png 1305031807.160500 0.2417 -0.4618 1.2959 0.9653 -0.0367 -0.0467 -0.2543
1305031807.193815 depth/1305031807.193815.png 1305031807.190500 0.2399 -0.4606 1.2950 0.9650 -0.0441 -0.0447 -0.2545
1305031807.226069 depth/1305031807.226069.png 1305031807.230700 0.2371 -0.4583 1.2951 0.9644 -0.0535 -0.0400 -0.2560
1305031807.258189 depth/1305031807.258189.png 1305031807.260600 0.2352 -0.4558 1.2967 0.9637 -0.0613 -0.0351 -0.2574
1305031807.294600 depth/1305031807.294600.png 1305031807.290600 0.2335 -0.4527 1.2992 0.9622 -0.0712 -0.0300 -0.2610
1305031807.325779 depth/1305031807.325779.png 1305031807.330500 0.2311 -0.4477 1.3045 0.9580 -0.0842 -0.0243 -0.2730
1305031807.356999 depth/1305031807.356999.png 1305031807.360600 0.2294 -0.4439 1.3099 0.9547 -0.0930 -0.0196 -0.2820
1305031807.394901 depth/1305031807.394901.png 1305031807.390500 0.2279 -0.4400 1.3159 0.9511 -0.1006 -0.0139 -0.2918
1305031807.425389 depth/1305031807.425389.png 1305031807.420700 0.2263 -0.4361 1.3227 0.9463 -0.1097 -0.0068 -0.3039
1305031807.456981 depth/1305031807.456981.png 1305031807.460600 0.2246 -0.4305 1.3327 0.9356 -0.1219 0.0057 -0.3312
1305031807.493776 depth/1305031807.493776.png 1305031807.490500 0.2235 -0.4266 1.3402 0.9258 -0.1282 0.0170 -0.3553
1305031807.525569 depth/1305031807.525569.png 1305031807.520600 0.2221 -0.4229 1.3473 0.9172 -0.1344 0.0277 -0.3742
1305031807.558514 depth/1305031807.558514.png 1305031807.560600 0.2203 -0.4181 1.3568 0.9066 -0.1429 0.0415 -0.3949
1305031807.593758 depth/1305031807.593758.png 1305031807.590700 0.2189 -0.4147 1.3646 0.8973 -0.1506 0.0520 -0.4117
1305031807.625726 depth/1305031807.625726.png 1305031807.630600 0.2164 -0.4107 1.3747 0.8870 -0.1578 0.0645 -0.4292
1305031807.657923 depth/1305031807.657923.png 1305031807.660600 0.2144 -0.4081 1.3828 0.8791 -0.1619 0.0725 -0.4423
1305031807.695218 depth/1305031807.695218.png 1305031807.690500 0.2124 -0.4055 1.3917 0.8692 -0.1661 0.0799 -0.4588
1305031807.725763 depth/1305031807.725763.png 1305031807.730600 0.2099 -0.4032 1.4045 0.8567 -0.1730 0.0901 -0.4775
1305031807.763921 depth/1305031807.763921.png 1305031807.760600 0.2080 -0.4018 1.4145 0.8472 -0.1771 0.0972 -0.4913
1305031807.794370 depth/1305031807.794370.png 1305031807.790600 0.2062 -0.4007 1.4246 -0.8373 0.1807 -0.1017 0.5060
1305031807.825649 depth/1305031807.825649.png 1305031807.830500 0.2037 -0.3999 1.4384 -0.8252 0.1840 -0.1064 0.5233
1305031807.862767 depth/1305031807.862767.png 1305031807.860600 0.2023 -0.3995 1.4485 -0.8175 0.1855 -0.1117 0.5336
1305031807.895051 depth/1305031807.895051.png 1305031807.890600 0.2012 -0.3993 1.4587 -0.8091 0.1874 -0.1162 0.5447
1305031807.922091 depth/1305031807.922091.png 1305031807.920600 0.2003 -0.3994 1.4689 -0.8006 0.1884 -0.1207 0.5558
1305031807.960371 depth/1305031807.960371.png 1305031807.960600 0.1995 -0.4002 1.4826 -0.7895 0.1896 -0.1248 0.5702
1305031807.990310 depth/1305031807.990310.png 1305031807.990600 0.1994 -0.4010 1.4929 -0.7806 0.1904 -0.1265 0.5817
1305031808.025493 depth/1305031808.025493.png 1305031808.020600 0.1995 -0.4025 1.5034 -0.7719 0.1928 -0.1277 0.5921
1305031808.060837 depth/1305031808.060837.png 1305031808.060600 0.1998 -0.4047 1.5176 -0.7598 0.1937 -0.1285 0.6072
1305031808.094509 depth/1305031808.094509.png 1305031808.090600 0.1999 -0.4069 1.5284 -0.7498 0.1928 -0.1303 0.6194
1305031808.124869 depth/1305031808.124869.png 1305031808.120600 0.1999 -0.4093 1.5392 -0.7400 0.1919 -0.1322 0.6309
1305031808.160774 depth/1305031808.160774.png 1305031808.160500 0.2000 -0.4130 1.5536 -0.7264 0.1901 -0.1351 0.6464
1305031808.193540 depth/1305031808.193540.png 1305031808.190600 0.1998 -0.4167 1.5647 -0.7162 0.1877 -0.1375 0.6579
1305031808.224541 depth/1305031808.224541.png 1305031808.220600 0.2000 -0.4204 1.5755 -0.7072 0.1849 -0.1387 0.6682
1305031808.259528 depth/1305031808.259528.png 1305031808.260500 0.2005 -0.4248 1.5900 -0.6958 0.1810 -0.1382 0.6812
1305031808.292602 depth/1305031808.292602.png 1305031808.290500 0.2012 -0.4288 1.6002 -0.6882 0.1777 -0.1390 0.6895
1305031808.324524 depth/1305031808.324524.png 1305031808.320600 0.2018 -0.4332 1.6103 -0.6783 0.1761 -0.1413 0.6993
1305031808.362374 depth/1305031808.362374.png 1305031808.360500 0.2028 -0.4390 1.6229 -0.6651 0.1738 -0.1432 0.7120
1305031808.394090 depth/1305031808.394090.png 1305031808.390600 0.2035 -0.4434 1.6314 -0.6575 0.1708 -0.1446 0.7194
1305031808.427040 depth/1305031808.427040.png 1305031808.430600 0.2050 -0.4493 1.6418 -0.6469 0.1681 -0.1474 0.7290
1305031808.462622 depth/1305031808.462622.png 1305031808.460500 0.2061 -0.4544 1.6488 -0.6382 0.1683 -0.1499 0.7361
1305031808.493893 depth/1305031808.493893.png 1305031808.490600 0.2073 -0.4602 1.6553 -0.6288 0.1682 -0.1527 0.7436
1305031808.524551 depth/1305031808.524551.png 1305031808.520600 0.2087 -0.4660 1.6611 -0.6193 0.1681 -0.1531 0.7515
1305031808.561866 depth/1305031808.561866.png 1305031808.560600 0.2112 -0.4751 1.6678 -0.6108 0.1671 -0.1536 0.7586
1305031808.590231 depth/1305031808.590231.png 1305031808.590500 0.2138 -0.4818 1.6723 -0.6016 0.1687 -0.1564 0.7649
1305031808.624717 depth/1305031808.624717.png 1305031808.620600 0.2166 -0.4884 1.6760 -0.5918 0.1726 -0.1610 0.7707
1305031808.661004 depth/1305031808.661004.png 1305031808.660500 0.2209 -0.4967 1.6804 -0.5808 0.1777 -0.1707 0.7759
1305031808.692608 depth/1305031808.692608.png 1305031808.690500 0.2242 -0.5019 1.6827 -0.5735 0.1798 -0.1766 0.7795
1305031808.724581 depth/1305031808.724581.png 1305031808.720600 0.2274 -0.5067 1.6844 -0.5668 0.1805 -0.1831 0.7827
1305031808.761035 depth/1305031808.761035.png 1305031808.760600 0.2314 -0.5128 1.6854 -0.5590 0.1847 -0.1948 0.7845
1305031808.792909 depth/1305031808.792909.png 1305031808.790600 0.2349 -0.5165 1.6856 -0.5507 0.1898 -0.2052 0.7866
1305031808.824645 depth/1305031808.824645.png 1305031808.820600 0.2386 -0.5194 1.6852 -0.5436 0.1951 -0.2134 0.7880
1305031808.860603 depth/1305031808.860603.png 1305031808.860600 0.2428 -0.5232 1.6829 -0.5440 0.2040 -0.2237 0.7825
1305031808.894236 depth/1305031808.894236.png 1305031808.890600 0.2461 -0.5253 1.6805 -0.5462 0.2104 -0.2304 0.7774
1305031808.924712 depth/1305031808.924712.png 1305031808.920600 0.2496 -0.5267 1.6771 -0.5511 0.2172 -0.2354 0.7705
1305031808.960766 depth/1305031808.960766.png 1305031808.960600 0.2543 -0.5275 1.6709 -0.5655 0.2264 -0.2400 0.7559
1305031808.994453 depth/1305031808.994453.png 1305031808.990600 0.2579 -0.5277 1.6651 -0.5765 0.2344 -0.2415 0.7446
1305031809.029773 depth/1305031809.029773.png 1305031809.030600 0.2623 -0.5273 1.6563 -0.5917 0.2453 -0.2418 0.7288
1305031809.063418 depth/1305031809.063418.png 1305031809.060600 0.2652 -0.5263 1.6489 -0.6008 0.2520 -0.2435 0.7185
1305031809.097271 depth/1305031809.097271.png 1305031809.100600 0.2685 -0.5246 1.6386 -0.6132 0.2624 -0.2472 0.7029
1305031809.131663 depth/1305031809.131663.png 1305031809.130600 0.2708 -0.5232 1.6304 -0.6188 0.2707 -0.2529 0.6927
1305031809.161507 depth/1305031809.161507.png 1305031809.160600 0.2726 -0.5218 1.6217 -0.6261 0.2803 -0.2560 0.6811
1305031809.194288 depth/1305031809.194288.png 1305031809.190600 0.2736 -0.5203 1.6127 -0.6328 0.2916 -0.2567 0.6698
1305031809.229538 depth/1305031809.229538.png 1305031809.230600 0.2749 -0.5172 1.6008 -0.6415 0.3026 -0.2559 0.6568
1305031809.261343 depth/1305031809.261343.png 1305031809.260600 0.2750 -0.5151 1.5918 -0.6491 0.3142 -0.2554 0.6440
1305031809.294460 depth/1305031809.294460.png 1305031809.290500 0.2743 -0.5125 1.5828 -0.6585 0.3238 -0.2526 0.6306
1305031809.330064 depth/1305031809.330064.png 1305031809.330500 0.2727 -0.5089 1.5713 -0.6670 0.3345 -0.2507 0.6168
1305031809.359534 depth/1305031809.359534.png 1305031809.360500 0.2710 -0.5058 1.5630 -0.6733 0.3417 -0.2493 0.6064
1305031809.393838 depth/1305031809.393838.png 1305031809.390500 0.2688 -0.5028 1.5548 -0.6811 0.3478 -0.2478 0.5948
1305031809.428411 depth/1305031809.428411.png 1305031809.430500 0.2652 -0.4985 1.5445 -0.6911 0.3546 -0.2444 0.5804
1305031809.462164 depth/1305031809.462164.png 1305031809.460500 0.2625 -0.4953 1.5376 -0.6942 0.3602 -0.2440 0.5735
1305031809.493873 depth/1305031809.493873.png 1305031809.490500 0.2583 -0.4928 1.5310 -0.7006 0.3656 -0.2382 0.5646
1305031809.530074 depth/1305031809.530074.png 1305031809.530500 0.2532 -0.4891 1.5225 -0.7063 0.3712 -0.2344 0.5554
1305031809.563364 depth/1305031809.563364.png 1305031809.560500 0.2491 -0.4862 1.5162 -0.7112 0.3735 -0.2332 0.5480
1305031809.594021 depth/1305031809.594021.png 1305031809.590500 0.2451 -0.4838 1.5101 -0.7155 0.3762 -0.2333 0.5404
1305031809.631035 depth/1305031809.631035.png 1305031809.630500 0.2393 -0.4807 1.5020 -0.7205 0.3803 -0.2340 0.5306
1305031809.662949 depth/1305031809.662949.png 1305031809.660500 0.2354 -0.4786 1.4959 -0.7252 0.3832 -0.2327 0.5226
1305031809.693782 depth/1305031809.693782.png 1305031809.690600 0.2317 -0.4769 1.4896 -0.7294 0.3870 -0.2307 0.5148
1305031809.731309 depth/1305031809.731309.png 1305031809.730600 0.2268 -0.4749 1.4813 -0.7352 0.3920 -0.2273 0.5041
1305031809.758942 depth/1305031809.758942.png 1305031809.760500 0.2239 -0.4738 1.4749 0.7386 -0.3966 0.2246 -0.4968
1305031809.793369 depth/1305031809.793369.png 1305031809.790600 0.2211 -0.4728 1.4685 0.7414 -0.4022 0.2217 -0.4892
1305031809.830391 depth/1305031809.830391.png 1305031809.830600 0.2175 -0.4718 1.4599 0.7458 -0.4089 0.2179 -0.4787
1305031809.861943 depth/1305031809.861943.png 1305031809.860600 0.2151 -0.4717 1.4535 0.7504 -0.4131 0.2148 -0.4692
1305031809.895169 depth/1305031809.895169.png 1305031809.890500 0.2132 -0.4715 1.4470 0.7526 -0.4180 0.2146 -0.4614
1305031809.929860 depth/1305031809.929860.png 1305031809.930600 0.2105 -0.4724 1.4386 0.7565 -0.4256 0.2130 -0.4485
1305031809.963228 depth/1305031809.963228.png 1305031809.960500 0.2086 -0.4735 1.4323 0.7595 -0.4309 0.2112 -0.4392
1305031809.994224 depth/1305031809.994224.png 1305031809.990600 0.2071 -0.4748 1.4258 0.7621 -0.4361 0.2088 -0.4306
1305031810.030062 depth/1305031810.030062.png 1305031810.030600 0.2049 -0.4773 1.4178 0.7662 -0.4439 0.2050 -0.4170
1305031810.062155 depth/1305031810.062155.png 1305031810.060600 0.2037 -0.4798 1.4126 0.7684 -0.4493 0.2017 -0.4087
1305031810.095183 depth/1305031810.095183.png 1305031810.090600 0.2025 -0.4825 1.4073 0.7693 -0.4544 0.2003 -0.4019
1305031810.131056 depth/1305031810.131056.png 1305031810.130600 0.2007 -0.4866 1.4005 0.7725 -0.4585 0.1982 -0.3922
1305031810.161700 depth/1305031810.161700.png 1305031810.160600 0.1993 -0.4901 1.3960 0.7754 -0.4621 0.1974 -0.3824
1305031810.197185 depth/1305031810.197185.png 1305031810.200600 0.1977 -0.4950 1.3906 0.7767 -0.4668 0.1981 -0.3736
1305031810.230520 depth/1305031810.230520.png 1305031810.230600 0.1964 -0.4995 1.3869 0.7800 -0.4697 0.1963 -0.3639
1305031810.262762 depth/1305031810.262762.png 1305031810.260600 0.1953 -0.5038 1.3831 0.7834 -0.4721 0.1939 -0.3547
1305031810.298074 depth/1305031810.298074.png 1305031810.300600 0.1942 -0.5110 1.3780 0.7891 -0.4738 0.1899 -0.3417
1305031810.330937 depth/1305031810.330937.png 1305031810.330500 0.1937 -0.5165 1.3746 0.7914 -0.4768 0.1874 -0.3336
1305031810.362897 depth/1305031810.362897.png 1305031810.360500 0.1935 -0.5224 1.3714 0.7919 -0.4816 0.1843 -0.3271
1305031810.396861 depth/1305031810.396861.png 1305031810.400500 0.1931 -0.5308 1.3673 0.7938 -0.4876 0.1780 -0.3169
1305031810.429920 depth/1305031810.429920.png 1305031810.430500 0.1932 -0.5368 1.3639 0.7960 -0.4906 0.1728 -0.3096
1305031810.461399 depth/1305031810.461399.png 1305031810.460500 0.1931 -0.5430 1.3605 0.7987 -0.4942 0.1669 -0.3000
1305031810.496777 depth/1305031810.496777.png 1305031810.500600 0.1927 -0.5515 1.3563 0.8008 -0.5008 0.1609 -0.2866
1305031810.529947 depth/1305031810.529947.png 1305031810.530600 0.1922 -0.5582 1.3535 0.8013 -0.5053 0.1588 -0.2783
1305031810.561970 depth/1305031810.561970.png 1305031810.560600 0.1920 -0.5647 1.3503 0.8016 -0.5100 0.1568 -0.2697
1305031810.598116 depth/1305031810.598116.png 1305031810.600500 0.1920 -0.5731 1.3465 0.8009 -0.5167 0.1543 -0.2604
1305031810.630327 depth/1305031810.630327.png 1305031810.630500 0.1923 -0.5793 1.3439 0.7986 -0.5228 0.1529 -0.2558
1305031810.661881 depth/1305031810.661881.png 1305031810.660600 0.1927 -0.5853 1.3421 0.7951 -0.5297 0.1526 -0.2530
1305031810.698469 depth/1305031810.698469.png 1305031810.700500 0.1939 -0.5933 1.3407 0.7888 -0.5378 0.1553 -0.2539
1305031810.729616 depth/1305031810.729616.png 1305031810.730500 0.1950 -0.5992 1.3409 0.7827 -0.5433 0.1610 -0.2573
1305031810.762055 depth/1305031810.762055.png 1305031810.760500 0.1962 -0.6050 1.3418 0.7767 -0.5485 0.1671 -0.2607
1305031810.798335 depth/1305031810.798335.png 1305031810.800600 0.1977 -0.6121 1.3444 0.7686 -0.5531 0.1773 -0.2682
1305031810.826635 depth/1305031810.826635.png 1305031810.830500 0.1992 -0.6170 1.3473 0.7608 -0.5563 0.1890 -0.2757
1305031810.859437 depth/1305031810.859437.png 1305031810.860500 0.2007 -0.6220 1.3510 0.7525 -0.5591 0.2022 -0.2833
1305031810.896721 depth/1305031810.896721.png 1305031810.900600 0.2025 -0.6284 1.3564 0.7442 -0.5616 0.2164 -0.2898
1305031810.931542 depth/1305031810.931542.png 1305031810.930600 0.2042 -0.6323 1.3607 0.7358 -0.5626 0.2285 -0.2997
1305031810.962074 depth/1305031810.962074.png 1305031810.960500 0.2060 -0.6364 1.3663 0.7252 -0.5640 0.2428 -0.3114
1305031810.999156 depth/1305031810.999156.png 1305031811.000500 0.2077 -0.6415 1.3736 0.7123 -0.5675 0.2580 -0.3224
1305031811.030567 depth/1305031811.030567.png 1305031811.030500 0.2088 -0.6447 1.3791 0.7049 -0.5689 0.2667 -0.3292
1305031811.062402 depth/1305031811.062402.png 1305031811.060500 0.2096 -0.6478 1.3852 0.6963 -0.5694 0.2762 -0.3386
1305031811.098594 depth/1305031811.098594.png 1305031811.100600 0.2104 -0.6516 1.3939 0.6832 -0.5711 0.2899 -0.3508
1305031811.130054 depth/1305031811.130054.png 1305031811.130500 0.2108 -0.6539 1.3996 0.6766 -0.5734 0.2967 -0.3541
1305031811.163124 depth/1305031811.163124.png 1305031811.160500 0.2116 -0.6557 1.4056 0.6699 -0.5720 0.3067 -0.3606
1305031811.196680 depth/1305031811.196680.png 1305031811.200500 0.2122 -0.6575 1.4134 0.6611 -0.5714 0.3182 -0.3677
1305031811.226245 depth/1305031811.226245.png 1305031811.230500 0.2125 -0.6589 1.4195 0.6533 -0.5721 0.3282 -0.3717
1305031811.258835 depth/1305031811.258835.png 1305031811.260600 0.2125 -0.6599 1.4255 0.6458 -0.5731 0.3381 -0.3744
1305031811.297420 depth/1305031811.297420.png 1305031811.300500 0.2128 -0.6608 1.4339 0.6337 -0.5725 0.3535 -0.3818
1305031811.330119 depth/1305031811.330119.png 1305031811.330500 0.2123 -0.6616 1.4408 0.6222 -0.5724 0.3666 -0.3883
1305031811.362347 depth/1305031811.362347.png 1305031811.360500 0.2114 -0.6619 1.4479 0.6116 -0.5720 0.3777 -0.3951
1305031811.399651 depth/1305031811.399651.png 1305031811.400600 0.2097 -0.6616 1.4578 0.5974 -0.5687 0.3932 -0.4064
1305031811.430784 depth/1305031811.430784.png 1305031811.430500 0.2079 -0.6609 1.4656 0.5862 -0.5651 0.4060 -0.4150
1305031811.466212 depth/1305031811.466212.png 1305031811.470500 0.2051 -0.6588 1.4761 0.5725 -0.5613 0.4216 -0.4236
1305031811.497813 depth/1305031811.497813.png 1305031811.500500 0.2026 -0.6567 1.4841 0.5629 -0.5590 0.4330 -0.4279
1305031811.530073 depth/1305031811.530073.png 1305031811.530500 0.2000 -0.6536 1.4921 -0.5558 0.5575 -0.4421 0.4299
1305031811.566308 depth/1305031811.566308.png 1305031811.570600 0.1969 -0.6488 1.5033 -0.5434 0.5537 -0.4579 0.4342
1305031811.598269 depth/1305031811.598269.png 1305031811.600600 0.1945 -0.6445 1.5116 -0.5326 0.5512 -0.4686 0.4392
1305031811.630831 depth/1305031811.630831.png 1305031811.630500 0.1917 -0.6398 1.5203 -0.5210 0.5482 -0.4785 0.4462
1305031811.663366 depth/1305031811.663366.png 1305031811.660500 0.1890 -0.6348 1.5289 -0.5107 0.5447 -0.4873 0.4528
1305031811.698740 depth/1305031811.698740.png 1305031811.700500 0.1856 -0.6275 1.5397 -0.4986 0.5395 -0.4977 0.4612
1305031811.733435 depth/1305031811.733435.png 1305031811.730500 0.1826 -0.6221 1.5480 -0.4895 0.5355 -0.5052 0.4673
1305031811.765703 depth/1305031811.765703.png 1305031811.770600 0.1788 -0.6148 1.5586 -0.4788 0.5312 -0.5133 0.4745
1305031811.799543 depth/1305031811.799543.png 1305031811.800500 0.1755 -0.6095 1.5663 -0.4706 0.5288 -0.5192 0.4789
1305031811.831559 depth/1305031811.831559.png 1305031811.830500 0.1717 -0.6041 1.5740 -0.4622 0.5259 -0.5251 0.4839
1305031811.866219 depth/1305031811.866219.png 1305031811.870500 0.1667 -0.5974 1.5843 0.4530 -0.5207 0.5320 -0.4906
1305031811.899601 depth/1305031811.899601.png 1305031811.900500 0.1631 -0.5926 1.5920 0.4466 -0.5168 0.5368 -0.4953
1305031811.929778 depth/1305031811.929778.png 1305031811.930500 0.1590 -0.5879 1.5996 0.4403 -0.5130 0.5422 -0.4990
1305031811.965910 depth/1305031811.965910.png 1305031811.970500 0.1537 -0.5825 1.6102 -0.4289 0.5074 -0.5509 0.5050
1305031811.997697 depth/1305031811.997697.png 1305031812.000500 0.1498 -0.5785 1.6179 -0.4211 0.5040 -0.5560 0.5095
1305031812.031513 depth/1305031812.031513.png 1305031812.030500 0.1461 -0.5749 1.6257 -0.4140 0.5002 -0.5612 0.5133
1305031812.067293 depth/1305031812.067293.png 1305031812.070500 0.1417 -0.5699 1.6357 -0.4048 0.4944 -0.5685 0.5182
1305031812.097226 depth/1305031812.097226.png 1305031812.100500 0.1382 -0.5666 1.6430 -0.3971 0.4900 -0.5745 0.5217
1305031812.131618 depth/1305031812.131618.png 1305031812.130500 0.1345 -0.5633 1.6496 -0.3889 0.4867 -0.5810 0.5238
1305031812.165747 depth/1305031812.165747.png 1305031812.170500 0.1294 -0.5592 1.6575 -0.3791 0.4814 -0.5905 0.5253
1305031812.194229 depth/1305031812.194229.png 1305031812.190500 0.1271 -0.5573 1.6610 -0.3749 0.4787 -0.5947 0.5260
1305031812.230599 depth/1305031812.230599.png 1305031812.230500 0.1224 -0.5541 1.6671 -0.3640 0.4745 -0.6022 0.5289
1305031812.262258 depth/1305031812.262258.png 1305031812.260500 0.1195 -0.5520 1.6705 -0.3568 0.4741 -0.6049 0.5310
1305031812.295017 depth/1305031812.295017.png 1305031812.290600 0.1173 -0.5501 1.6728 -0.3519 0.4737 -0.6068 0.5326
1305031812.329535 depth/1305031812.329535.png 1305031812.330500 0.1145 -0.5482 1.6748 -0.3448 0.4708 -0.6121 0.5336
1305031812.367033 depth/1305031812.367033.png 1305031812.370500 0.1117 -0.5472 1.6754 -0.3347 0.4691 -0.6207 0.5317
1305031812.398919 depth/1305031812.398919.png 1305031812.400700 0.1092 -0.5472 1.6754 -0.3255 0.4671 -0.6282 0.5303
1305031812.431444 depth/1305031812.431444.png 1305031812.430500 0.1072 -0.5478 1.6749 -0.3194 0.4662 -0.6343 0.5275
1305031812.466128 depth/1305031812.466128.png 1305031812.470500 0.1051 -0.5498 1.6727 -0.3189 0.4692 -0.6386 0.5199
1305031812.499545 depth/1305031812.499545.png 1305031812.500600 0.1034 -0.5522 1.6702 -0.3212 0.4735 -0.6402 0.5127
1305031812.530582 depth/1305031812.530582.png 1305031812.530500 0.1019 -0.5556 1.6672 -0.3239 0.4782 -0.6411 0.5054
1305031812.566690 depth/1305031812.566690.png 1305031812.570500 0.0999 -0.5614 1.6621 0.3272 -0.4880 0.6411 -0.4938
1305031812.599029 depth/1305031812.599029.png 1305031812.600500 0.0987 -0.5665 1.6576 0.3327 -0.4959 0.6395 -0.4841
1305031812.628645 depth/1305031812.628645.png 1305031812.630500 0.0974 -0.5723 1.6526 0.3376 -0.5031 0.6383 -0.4749
1305031812.668061 depth/1305031812.668061.png 1305031812.670500 0.0961 -0.5811 1.6452 0.3422 -0.5159 0.6343 -0.4631
1305031812.698746 depth/1305031812.698746.png 1305031812.700500 0.0954 -0.5881 1.6390 0.3469 -0.5278 0.6289 -0.4534
1305031812.734013 depth/1305031812.734013.png 1305031812.730500 0.0948 -0.5951 1.6328 0.3514 -0.5375 0.6240 -0.4452
1305031812.767275 depth/1305031812.767275.png 1305031812.770500 0.0943 -0.6047 1.6241 0.3599 -0.5516 0.6158 -0.4324
1305031812.799489 depth/1305031812.799489.png 1305031812.800500 0.0941 -0.6121 1.6173 0.3653 -0.5627 0.6091 -0.4230
1305031812.834132 depth/1305031812.834132.png 1305031812.830500 0.0938 -0.6196 1.6102 0.3700 -0.5737 0.6008 -0.4160
1305031812.866016 depth/1305031812.866016.png 1305031812.870500 0.0934 -0.6294 1.6005 0.3762 -0.5876 0.5902 -0.4060
1305031812.898960 depth/1305031812.898960.png 1305031812.900500 0.0931 -0.6365 1.5931 -0.3797 0.5980 -0.5828 0.3982
1305031812.934173 depth/1305031812.934173.png 1305031812.930500 0.0929 -0.6434 1.5857 -0.3839 0.6090 -0.5745 0.3895
1305031812.966151 depth/1305031812.966151.png 1305031812.970500 0.0931 -0.6523 1.5754 -0.3888 0.6234 -0.5631 0.3783
1305031812.999091 depth/1305031812.999091.png 1305031813.000400 0.0931 -0.6584 1.5676 -0.3937 0.6340 -0.5528 0.3709
1305031813.034784 depth/1305031813.034784.png 1305031813.030400 0.0933 -0.6645 1.5599 -0.3975 0.6434 -0.5440 0.3634
1305031813.066289 depth/1305031813.066289.png 1305031813.070500 0.0932 -0.6719 1.5490 -0.4036 0.6580 -0.5278 0.3544
1305031813.098588 depth/1305031813.098588.png 1305031813.100500 0.0929 -0.6766 1.5405 -0.4079 0.6705 -0.5135 0.3470
1305031813.135262 depth/1305031813.135262.png 1305031813.130500 0.0929 -0.6807 1.5321 -0.4120 0.6793 -0.5018 0.3421
1305031813.166033 depth/1305031813.166033.png 1305031813.170700 0.0926 -0.6853 1.5204 -0.4201 0.6924 -0.4827 0.3333
1305031813.196373 depth/1305031813.196373.png 1305031813.200500 0.0927 -0.6882 1.5115 -0.4240 0.6999 -0.4712 0.3292
1305031813.234674 depth/1305031813.234674.png 1305031813.230500 0.0927 -0.6906 1.5027 -0.4281 0.7069 -0.4593 0.3256
1305031813.267055 depth/1305031813.267055.png 1305031813.270500 0.0926 -0.6927 1.4911 -0.4328 0.7163 -0.4434 0.3208
1305031813.299198 depth/1305031813.299198.png 1305031813.300500 0.0923 -0.6940 1.4826 -0.4381 0.7236 -0.4310 0.3142
1305031813.333908 depth/1305031813.333908.png 1305031813.330500 0.0919 -0.6952 1.4741 -0.4410 0.7304 -0.4212 0.3077
1305031813.365437 depth/1305031813.365437.png 1305031813.360500 0.0911 -0.6963 1.4658 -0.4422 0.7380 -0.4117 0.3006
1305031813.398657 depth/1305031813.398657.png 1305031813.400500 0.0896 -0.6974 1.4551 -0.4439 0.7476 -0.3995 0.2907
1305031813.433247 depth/1305031813.433247.png 1305031813.430500 0.0878 -0.6980 1.4472 -0.4458 0.7553 -0.3887 0.2823
1305031813.466220 depth/1305031813.466220.png 1305031813.470500 0.0854 -0.6980 1.4364 -0.4486 0.7659 -0.3716 0.2721
1305031813.498088 depth/1305031813.498088.png 1305031813.500500 0.0830 -0.6978 1.4287 -0.4506 0.7725 -0.3605 0.2651
1305031813.534016 depth/1305031813.534016.png 1305031813.530800 0.0803 -0.6972 1.4211 -0.4535 0.7791 -0.3494 0.2555
1305031813.566769 depth/1305031813.566769.png 1305031813.570600 0.0771 -0.6955 1.4106 -0.4563 0.7866 -0.3373 0.2435
1305031813.598490 depth/1305031813.598490.png 1305031813.600600 0.0748 -0.6937 1.4033 -0.4584 0.7910 -0.3296 0.2358
1305031813.631475 depth/1305031813.631475.png 1305031813.630600 0.0719 -0.6915 1.3967 -0.4598 0.7958 -0.3220 0.2270
1305031813.661752 depth/1305031813.661752.png 1305031813.660500 0.0692 -0.6882 1.3902 -0.4607 0.8005 -0.3151 0.2182
1305031813.698286 depth/1305031813.698286.png 1305031813.700500 0.0659 -0.6831 1.3822 -0.4632 0.8050 -0.3056 0.2096
1305031813.730280 depth/1305031813.730280.png 1305031813.730500 0.0629 -0.6784 1.3768 -0.4655 0.8087 -0.2968 0.2030
1305031813.764797 depth/1305031813.764797.png 1305031813.760400 0.0603 -0.6732 1.3714 -0.4681 0.8120 -0.2880 0.1964
1305031813.799441 depth/1305031813.799441.png 1305031813.800500 0.0567 -0.6653 1.3642 -0.4718 0.8164 -0.2754 0.1872
1305031813.833945 depth/1305031813.833945.png 1305031813.830500 0.0541 -0.6588 1.3585 -0.4750 0.8200 -0.2642 0.1792
1305031813.867772 depth/1305031813.867772.png 1305031813.870500 0.0510 -0.6494 1.3497 -0.4767 0.8269 -0.2464 0.1682
1305031813.899482 depth/1305031813.899482.png 1305031813.900500 0.0489 -0.6419 1.3426 -0.4755 0.8338 -0.2304 0.1602
1305031813.934338 depth/1305031813.934338.png 1305031813.930500 0.0464 -0.6348 1.3360 -0.4740 0.8385 -0.2206 0.1535
1305031813.965926 depth/1305031813.965926.png 1305031813.970500 0.0430 -0.6262 1.3281 -0.4695 0.8451 -0.2111 0.1445
1305031814.003554 depth/1305031814.003554.png 1305031814.000500 0.0406 -0.6199 1.3224 -0.4651 0.8505 -0.2028 0.1382
1305031814.033924 depth/1305031814.033924.png 1305031814.030500 0.0383 -0.6139 1.3177 -0.4605 0.8549 -0.1971 0.1354
1305031814.066026 depth/1305031814.066026.png 1305031814.070500 0.0351 -0.6068 1.3135 -0.4544 0.8601 -0.1900 0.1333
1305031814.102320 depth/1305031814.102320.png 1305031814.100500 0.0329 -0.6020 1.3116 -0.4477 0.8644 -0.1870 0.1323
1305031814.134667 depth/1305031814.134667.png 1305031814.130500 0.0309 -0.5978 1.3110 -0.4411 0.8674 -0.1884 0.1326
1305031814.166052 depth/1305031814.166052.png 1305031814.170600 0.0285 -0.5930 1.3122 -0.4304 0.8711 -0.1948 0.1339
1305031814.202037 depth/1305031814.202037.png 1305031814.200500 0.0270 -0.5900 1.3142 -0.4219 0.8737 -0.2015 0.1345
1305031814.234336 depth/1305031814.234336.png 1305031814.230500 0.0255 -0.5882 1.3167 -0.4125 0.8754 -0.2122 0.1359
1305031814.265980 depth/1305031814.265980.png 1305031814.270500 0.0237 -0.5865 1.3225 -0.3984 0.8760 -0.2329 0.1406
1305031814.302865 depth/1305031814.302865.png 1305031814.300500 0.0218 -0.5855 1.3272 -0.3872 0.8784 -0.2419 0.1413
1305031814.334123 depth/1305031814.334123.png 1305031814.330500 0.0199 -0.5853 1.3321 -0.3768 0.8790 -0.2549 0.1429
1305031814.365916 depth/1305031814.365916.png 1305031814.370500 0.0166 -0.5860 1.3399 -0.3609 0.8792 -0.2747 0.1458
1305031814.402137 depth/1305031814.402137.png 1305031814.400500 0.0142 -0.5866 1.3455 -0.3477 0.8800 -0.2882 0.1471
1305031814.434097 depth/1305031814.434097.png 1305031814.430500 0.0111 -0.5881 1.3515 -0.3348 0.8805 -0.3013 0.1475
1305031814.466875 depth/1305031814.466875.png 1305031814.470500 0.0064 -0.5905 1.3599 -0.3175 0.8807 -0.3191 0.1472
1305031814.503242 depth/1305031814.503242.png 1305031814.500500 0.0024 -0.5927 1.3662 -0.3046 0.8802 -0.3341 0.1447
1305031814.535346 depth/1305031814.535346.png 1305031814.530500 -0.0018 -0.5951 1.3726 -0.2924 0.8795 -0.3478 0.1416
1305031814.567625 depth/1305031814.567625.png 1305031814.570500 -0.0082 -0.5987 1.3813 -0.2768 0.8782 -0.3649 0.1376
1305031814.601706 depth/1305031814.601706.png 1305031814.600500 -0.0127 -0.6017 1.3880 -0.2643 0.8746 -0.3828 0.1367
1305031814.635644 depth/1305031814.635644.png 1305031814.640500 -0.0187 -0.6059 1.3969 -0.2477 0.8696 -0.4051 0.1354
1305031814.667643 depth/1305031814.667643.png 1305031814.670500 -0.0230 -0.6089 1.4032 -0.2387 0.8662 -0.4181 0.1338
1305031814.702775 depth/1305031814.702775.png 1305031814.700500 -0.0268 -0.6117 1.4093 -0.2306 0.8615 -0.4322 0.1333
1305031814.734657 depth/1305031814.734657.png 1305031814.730500 -0.0303 -0.6146 1.4154 -0.2229 0.8562 -0.4463 0.1343
1305031814.766015 depth/1305031814.766015.png 1305031814.770500 -0.0351 -0.6185 1.4237 -0.2145 0.8522 -0.4587 0.1320
1305031814.801939 depth/1305031814.801939.png 1305031814.800500 -0.0379 -0.6206 1.4292 -0.2088 0.8482 -0.4689 0.1309
1305031814.834141 depth/1305031814.834141.png 1305031814.830500 -0.0402 -0.6223 1.4345 -0.2039 0.8442 -0.4787 0.1289
1305031814.866927 depth/1305031814.866927.png 1305031814.870600 -0.0431 -0.6245 1.4413 -0.1966 0.8378 -0.4940 0.1243
1305031814.901856 depth/1305031814.901856.png 1305031814.900500 -0.0452 -0.6260 1.4463 -0.1910 0.8323 -0.5056 0.1230
1305031814.934189 depth/1305031814.934189.png 1305031814.930500 -0.0467 -0.6268 1.4508 -0.1885 0.8283 -0.5135 0.1215
1305031814.966026 depth/1305031814.966026.png 1305031814.970500 -0.0484 -0.6278 1.4568 -0.1829 0.8224 -0.5249 0.1215
1305031815.002785 depth/1305031815.002785.png 1305031815.000500 -0.0495 -0.6289 1.4613 -0.1770 0.8175 -0.5344 0.1217
1305031815.034070 depth/1305031815.034070.png 1305031815.030500 -0.0503 -0.6292 1.4652 -0.1723 0.8149 -0.5398 0.1216
1305031815.066249 depth/1305031815.066249.png 1305031815.071500 -0.0513 -0.6290 1.4706 -0.1687 0.8114 -0.5458 0.1237
1305031815.098276 depth/1305031815.098276.png 1305031815.100500 -0.0517 -0.6290 1.4744 -0.1656 0.8067 -0.5526 0.1281
1305031815.134087 depth/1305031815.134087.png 1305031815.130500 -0.0518 -0.6286 1.4780 -0.1631 0.8024 -0.5584 0.1328
1305031815.167703 depth/1305031815.167703.png 1305031815.170500 -0.0517 -0.6274 1.4827 -0.1610 0.7984 -0.5640 0.1360
1305031815.200200 depth/1305031815.200200.png 1305031815.200500 -0.0511 -0.6267 1.4859 -0.1609 0.7932 -0.5707 0.1387
1305031815.235479 depth/1305031815.235479.png 1305031815.230500 -0.0508 -0.6250 1.4891 -0.1601 0.7896 -0.5755 0.1405
1305031815.269898 depth/1305031815.269898.png 1305031815.270500 -0.0508 -0.6234 1.4930 -0.1576 0.7826 -0.5851 0.1429
1305031815.303120 depth/1305031815.303120.png 1305031815.300500 -0.0505 -0.6220 1.4960 -0.1565 0.7774 -0.5923 0.1429
1305031815.335140 depth/1305031815.335140.png 1305031815.330500 -0.0502 -0.6205 1.4988 -0.1562 0.7740 -0.5973 0.1409
1305031815.369858 depth/1305031815.369858.png 1305031815.370500 -0.0499 -0.6187 1.5026 -0.1539 0.7663 -0.6080 0.1398
1305031815.402087 depth/1305031815.402087.png 1305031815.400500 -0.0500 -0.6171 1.5054 -0.1520 0.7614 -0.6146 0.1394
1305031815.435520 depth/1305031815.435520.png 1305031815.440500 -0.0496 -0.6149 1.5084 -0.1520 0.7568 -0.6200 0.1405
1305031815.469069 depth/1305031815.469069.png 1305031815.470500 -0.0495 -0.6134 1.5104 -0.1519 0.7536 -0.6236 0.1421
1305031815.503584 depth/1305031815.503584.png 1305031815.500500 -0.0493 -0.6122 1.5121 -0.1514 0.7504 -0.6275 0.1424
1305031815.533867 depth/1305031815.533867.png 1305031815.530500 -0.0491 -0.6113 1.5134 -0.1511 0.7481 -0.6301 0.1430
1305031815.570080 depth/1305031815.570080.png 1305031815.570600 -0.0489 -0.6106 1.5146 -0.1509 0.7462 -0.6324 0.1429
1305031815.602977 depth/1305031815.602977.png 1305031815.600500 -0.0485 -0.6100 1.5156 -0.1507 0.7437 -0.6352 0.1440
1305031815.633580 depth/1305031815.633580.png 1305031815.630500 -0.0484 -0.6101 1.5160 -0.1500 0.7433 -0.6356 0.1447
1305031815.669542 depth/1305031815.669542.png 1305031815.670600 -0.0479 -0.6107 1.5163 -0.1490 0.7437 -0.6355 0.1442
1305031815.703270 depth/1305031815.703270.png 1305031815.700500 -0.0475 -0.6115 1.5162 -0.1482 0.7444 -0.6349 0.1443
1305031815.734736 depth/1305031815.734736.png 1305031815.730500 -0.0469 -0.6122 1.5162 -0.1482 0.7449 -0.6344 0.1439
1305031815.770261 depth/1305031815.770261.png 1305031815.770500 -0.0460 -0.6133 1.5158 -0.1481 0.7457 -0.6338 0.1427
1305031815.803102 depth/1305031815.803102.png 1305031815.800500 -0.0454 -0.6140 1.5154 -0.1476 0.7467 -0.6327 0.1429
